<?xml version="1.0"?>
<opencv_storage>
<Vector type_id="opencv-matrix">
  <rows>256</rows>
  <cols>1</cols>
  <dt>i</dt>
  <data>
    2974 238 1546 890 230 21 922 990 763 67 169 136 540 55 1726 2038 229
    23 88 80 16 4 55 84 596 85 154 130 666 74 1435 1820 1869 118 550 233
    104 10 234 201 192 9 34 21 141 22 215 130 1088 77 288 164 46 4 116
    93 1693 117 215 137 1484 132 1553 1211 280 20 109 44 30 1 83 43 79 9
    11 8 63 2 106 102 39 6 18 9 2 0 13 5 61 8 15 11 87 10 128 122 1213
    66 292 143 71 9 190 143 147 18 21 11 123 13 150 107 1541 62 214 155
    59 9 134 122 1926 133 158 132 1803 164 1312 1238 786 634 187 1380 55
    48 113 1224 127 123 12 125 103 114 123 1679 80 80 18 149 9 5 10 90
    138 149 12 125 130 180 117 1728 194 160 43 221 11 6 21 104 19 7 2 11
    19 18 10 84 158 129 30 158 14 4 11 118 131 143 23 96 113 149 62 778
    685 771 152 1458 66 74 119 1413 134 132 14 118 137 160 121 1593 72
    90 19 136 9 17 6 132 119 180 15 165 176 291 157 2430 2176 1816 257
    1694 120 152 171 1210 150 125 9 70 138 154 99 766 2977 2320 150 1561
    122 172 132 1325 2502 2286 122 967 1957 2856 826 10041</data></Vector>
</opencv_storage>
