<?xml version="1.0"?>
<opencv_storage>
<Vector type_id="opencv-matrix">
  <rows>256</rows>
  <cols>1</cols>
  <dt>i</dt>
  <data>
    2186 234 740 518 249 38 518 590 498 52 126 85 383 40 565 675 246 24
    83 49 38 7 68 52 458 41 89 63 469 60 593 602 768 66 168 107 76 13
    107 96 130 8 26 8 106 17 92 82 615 40 109 80 48 7 80 78 855 81 112
    80 812 97 658 577 217 29 82 48 21 5 46 62 64 12 16 7 50 13 88 60 47
    5 10 6 9 3 10 11 60 11 21 13 78 18 83 99 489 39 99 66 59 8 75 73 88
    18 14 11 81 10 86 75 623 53 107 86 47 11 80 66 982 86 105 85 948 150
    704 702 478 404 109 733 64 69 103 887 89 77 17 65 69 84 74 784 59 42
    17 70 11 7 9 90 72 68 12 72 88 65 68 747 109 94 15 78 11 18 17 89 13
    11 5 12 20 16 14 79 77 73 15 52 12 8 13 71 103 85 16 51 84 90 75 428
    391 343 74 736 55 52 70 871 73 60 9 69 63 103 69 764 62 58 15 86 7
    14 12 102 100 93 21 92 89 135 96 980 569 485 70 569 67 75 56 574 89
    60 6 52 70 95 57 425 722 565 91 530 77 88 67 645 852 642 82 430 879
    1067 488 4247</data></Vector>
</opencv_storage>
