<?xml version="1.0"?>
<opencv_storage>
<Vector type_id="opencv-matrix">
  <rows>256</rows>
  <cols>1</cols>
  <dt>i</dt>
  <data>
    619 69 228 124 66 5 109 97 143 21 40 16 87 10 138 106 69 7 20 19 11
    3 14 9 101 16 33 23 95 17 130 135 243 35 48 42 26 5 29 34 42 7 8 5
    29 5 24 22 143 16 30 21 25 3 17 18 197 17 31 29 174 25 134 134 71 6
    27 14 7 0 21 9 18 7 2 5 20 6 22 21 14 3 2 4 1 0 4 1 16 5 5 8 18 2 31
    28 149 15 30 26 22 2 22 35 19 2 5 3 29 5 22 29 131 11 37 21 18 6 18
    24 204 39 25 22 194 32 129 183 127 110 26 148 17 15 22 171 25 18 7
    20 33 27 22 144 19 16 11 25 1 1 5 17 26 26 6 33 14 30 18 178 40 31 7
    27 2 9 7 24 7 2 2 4 4 4 3 21 21 37 2 18 6 1 3 32 27 24 6 17 16 32 14
    111 115 102 29 164 15 18 24 144 19 22 4 18 24 26 27 172 8 13 7 26 3
    6 9 25 18 19 5 35 27 46 37 289 158 165 25 146 20 28 25 146 23 24 2
    19 26 26 16 127 185 191 27 150 23 31 27 218 184 172 25 128 206 344
    129 1352</data></Vector>
</opencv_storage>
