<?xml version="1.0"?>
<opencv_storage>
<Vector type_id="opencv-matrix">
  <rows>256</rows>
  <cols>1</cols>
  <dt>i</dt>
  <data>
    137 14 55 42 8 0 55 55 43 3 12 3 21 3 62 85 13 3 5 5 2 0 3 3 27 2 6
    6 38 8 79 70 59 2 20 11 9 0 10 9 6 1 2 0 9 0 9 5 60 0 8 4 2 2 4 1 50
    6 10 4 48 7 58 61 8 0 4 2 2 1 2 7 4 0 0 1 4 0 6 4 2 1 1 0 1 0 0 1 0
    0 0 1 4 0 8 8 48 1 4 1 2 0 7 3 6 1 1 0 10 1 5 2 34 1 3 6 3 2 7 4 54
    5 5 6 60 7 51 40 25 29 2 54 4 1 3 50 6 1 0 6 3 4 6 77 3 6 1 3 0 0 0
    4 7 10 0 5 6 13 1 68 4 6 3 5 0 0 3 6 1 2 0 1 0 1 1 6 6 1 0 3 1 0 0 3
    3 1 1 2 9 6 3 33 24 27 6 48 4 4 2 57 4 1 0 5 8 8 6 64 4 1 0 4 0 0 0
    8 4 6 0 3 7 18 10 88 56 49 11 53 2 4 3 35 4 2 1 0 3 7 4 22 63 52 7
    39 4 3 5 37 52 59 6 27 71 103 26 298</data></Vector>
</opencv_storage>
