<?xml version="1.0"?>
<opencv_storage>
<Vector type_id="opencv-matrix">
  <rows>256</rows>
  <cols>1</cols>
  <dt>i</dt>
  <data>
    951 49 613 293 92 5 474 445 264 23 91 42 247 12 858 982 88 9 45 22 5
    0 28 16 282 18 81 50 511 38 1285 1046 655 26 245 81 40 3 131 86 71 6
    11 10 59 2 140 49 437 22 129 64 20 2 74 38 666 43 108 53 1072 60
    1330 675 56 2 23 7 6 0 17 19 12 1 2 0 16 2 39 23 12 1 6 0 0 0 3 1 20
    0 3 1 26 4 54 40 288 22 91 42 26 0 64 42 36 4 2 6 34 4 52 51 481 15
    66 29 25 1 61 34 562 23 49 26 774 32 630 486 183 178 63 477 18 9 36
    467 26 42 3 45 39 41 44 686 28 23 4 30 1 1 3 34 69 48 3 39 65 88 58
    887 63 35 16 72 3 0 4 32 4 1 0 5 3 1 2 28 70 52 9 42 3 1 4 39 61 44
    2 23 53 59 30 297 122 252 44 517 14 19 32 492 38 32 2 29 44 48 33
    552 10 20 1 33 2 4 2 30 36 59 1 37 64 130 70 1021 555 581 86 590 37
    20 68 400 37 24 3 17 36 50 29 203 873 620 39 398 34 50 39 322 809
    609 26 189 753 985 345 3656</data></Vector>
</opencv_storage>
