<?xml version="1.0"?>
<opencv_storage>
<Vector type_id="opencv-matrix">
  <rows>256</rows>
  <cols>1</cols>
  <dt>i</dt>
  <data>
    1453 125 539 420 151 20 424 503 339 36 66 63 311 38 507 602 163 8 54
    38 19 5 25 46 303 28 68 59 302 39 413 481 562 44 120 65 52 14 89 71
    82 8 13 5 57 13 71 87 422 48 69 43 22 8 43 51 689 62 76 62 524 62
    430 438 133 20 45 32 18 5 38 43 45 5 6 6 33 8 44 44 27 4 8 6 3 1 6 9
    42 5 8 11 50 10 60 66 375 35 66 47 30 8 66 51 65 8 14 7 67 7 60 55
    559 44 79 55 42 8 56 61 883 62 77 59 779 78 458 503 367 268 73 633
    47 43 72 738 58 58 14 60 64 70 52 719 40 33 9 57 2 4 5 55 51 55 9 61
    59 82 45 572 66 64 15 64 7 10 9 70 10 17 2 3 11 12 3 52 70 38 18 57
    10 5 8 58 42 51 5 36 58 53 41 334 269 244 71 413 43 39 64 616 62 62
    13 40 52 66 52 602 43 33 4 56 11 12 6 95 63 56 10 58 69 89 66 740
    489 380 58 398 46 56 45 433 55 46 5 29 48 57 26 289 694 498 61 408
    40 52 60 463 791 579 49 313 635 763 343 3179</data></Vector>
</opencv_storage>
