<?xml version="1.0"?>
<opencv_storage>
<Vector type_id="opencv-matrix">
  <rows>256</rows>
  <cols>1</cols>
  <dt>i</dt>
  <data>
    206 22 124 107 12 3 107 183 71 9 18 17 43 5 251 394 16 2 8 5 3 0 3 6
    60 7 9 12 74 4 188 306 116 10 29 15 6 1 24 25 16 1 4 0 4 1 27 18 89
    3 17 15 0 0 13 9 139 11 12 11 117 8 156 119 13 1 3 3 1 0 5 5 7 0 1 1
    2 3 10 15 1 0 0 0 0 0 0 0 7 0 0 1 3 0 8 13 90 3 21 10 4 1 13 9 6 0 1
    1 3 0 7 6 129 5 19 8 3 0 17 10 185 5 7 6 143 8 114 109 54 70 8 178 4
    3 9 265 12 11 2 10 11 11 12 343 7 1 0 11 0 0 2 9 18 18 0 10 5 11 7
    218 21 6 4 14 1 0 1 9 2 1 0 0 1 1 1 8 13 12 2 13 1 0 2 9 16 18 1 4 9
    9 3 83 52 80 7 146 6 9 10 169 13 4 0 6 13 9 8 187 4 8 0 7 0 0 0 6 15
    6 0 9 10 20 7 204 223 199 18 167 7 9 11 144 8 11 1 3 7 10 6 67 305
    224 7 103 9 11 3 103 245 149 4 45 145 190 68 761</data></Vector>
</opencv_storage>
