<?xml version="1.0"?>
<opencv_storage>
<Vector type_id="opencv-matrix">
  <rows>256</rows>
  <cols>1</cols>
  <dt>i</dt>
  <data>
    444 37 274 153 36 1 179 215 119 9 27 15 112 4 375 400 34 3 18 9 2 2
    9 7 128 6 29 24 178 12 494 406 281 12 103 44 16 0 52 43 41 0 7 2 25
    2 57 25 198 13 69 20 10 0 18 21 375 18 44 33 376 21 476 300 31 1 11
    9 1 0 11 17 5 1 2 1 9 1 14 20 1 0 3 0 0 0 0 0 9 2 0 1 9 2 30 26 214
    7 43 22 13 2 35 13 15 1 7 1 18 2 22 15 281 8 37 17 9 0 20 16 373 12
    26 12 368 21 329 204 107 82 30 263 9 6 22 272 20 19 2 30 21 18 26
    367 11 6 5 23 3 0 0 5 15 26 0 20 28 35 22 375 28 26 3 53 1 2 2 15 1
    0 0 1 3 0 1 14 22 17 5 17 1 2 2 19 27 20 1 10 29 21 17 153 81 148 22
    288 3 12 18 288 16 22 1 19 24 22 24 322 7 17 0 22 0 4 2 19 18 37 2
    17 26 46 29 438 385 419 41 416 13 17 16 232 19 13 0 13 29 20 10 122
    478 462 21 279 21 20 18 174 496 396 21 155 410 488 189 1764</data></Vector>
</opencv_storage>
