<?xml version="1.0"?>
<opencv_storage>
<Vector type_id="opencv-matrix">
  <rows>256</rows>
  <cols>1</cols>
  <dt>i</dt>
  <data>
    1566 122 757 460 153 31 556 667 472 46 108 73 370 37 1044 999 161 14
    54 40 19 6 38 30 406 43 102 59 663 47 1413 1194 796 57 229 109 73 6
    135 95 102 7 15 9 93 5 115 77 570 45 144 67 50 2 104 83 1238 63 129
    94 1624 106 1572 904 158 16 59 30 19 2 42 26 51 2 3 4 38 5 65 66 22
    1 10 2 1 0 6 5 39 3 14 4 48 12 97 90 520 26 116 68 43 7 80 49 74 11
    13 8 66 2 83 66 712 30 90 70 38 2 58 65 1127 55 87 58 1417 83 934
    708 411 283 95 803 46 30 74 1128 71 53 8 52 74 52 90 1181 43 36 9 72
    11 4 9 72 67 75 6 75 85 83 82 977 74 74 13 99 7 6 18 60 10 6 1 6 2 8
    2 68 69 67 10 90 9 4 11 71 81 83 6 57 75 94 38 507 251 354 92 800 32
    53 62 865 60 60 10 61 72 84 77 811 27 53 4 85 4 6 5 57 65 77 11 79
    96 141 97 1197 786 707 108 825 74 65 77 649 66 56 8 27 93 81 46 358
    943 803 72 661 64 82 58 598 1164 924 43 433 1104 1255 523 5117</data></Vector>
</opencv_storage>
