<?xml version="1.0"?>
<opencv_storage>
<Vector type_id="opencv-matrix">
  <rows>256</rows>
  <cols>1</cols>
  <dt>i</dt>
  <data>
    395 48 234 173 17 0 139 153 88 4 29 19 54 5 189 210 28 3 8 8 2 0 6 4
    66 11 16 14 70 10 103 187 202 25 72 34 6 1 27 23 21 1 1 1 21 2 21 14
    118 10 29 30 4 0 13 12 178 13 26 19 114 11 143 143 32 4 15 12 5 2 15
    11 8 1 1 0 10 0 13 8 5 1 0 1 0 0 0 0 13 1 1 0 14 2 14 23 162 11 43
    19 7 0 21 11 24 2 2 3 19 1 22 11 165 8 16 15 5 1 13 9 210 21 9 19
    178 23 131 149 106 120 30 341 14 10 21 309 16 14 0 25 16 11 14 241 4
    9 0 26 1 0 2 12 8 15 4 22 17 16 9 216 30 28 2 46 2 1 7 17 3 1 0 3 0
    0 1 14 19 15 1 28 1 0 3 16 12 17 0 16 18 14 6 88 100 165 26 348 13
    18 24 339 16 18 1 18 14 31 26 308 6 13 2 24 3 3 3 25 15 25 3 24 19
    34 19 321 290 375 28 363 21 20 28 231 26 21 1 25 14 24 9 153 238 307
    13 238 9 22 12 177 223 274 9 121 188 343 95 1206</data></Vector>
</opencv_storage>
