<?xml version="1.0"?>
<opencv_storage>
<Vector type_id="opencv-matrix">
  <rows>256</rows>
  <cols>1</cols>
  <dt>i</dt>
  <data>
    3886 337 1614 853 518 60 1183 928 860 105 232 137 902 111 1782 1622
    388 43 175 98 87 22 130 107 755 85 201 165 1124 148 2156 2015 1439
    154 368 218 165 41 263 170 229 32 45 28 235 33 238 155 869 92 216
    156 105 19 168 153 1399 136 194 127 1818 214 1840 1488 404 54 129 81
    54 11 102 86 101 21 22 17 87 15 170 132 70 12 19 6 10 7 13 17 88 24
    20 16 120 21 197 225 900 97 191 115 106 21 145 111 148 22 25 24 140
    22 162 118 834 85 148 123 89 19 124 116 1231 119 150 140 1463 200
    1160 1265 795 611 193 1330 120 79 163 1376 133 130 20 110 133 135
    157 1391 72 85 26 149 29 12 29 155 131 141 26 132 150 200 155 1689
    174 160 36 195 21 17 17 144 23 17 8 19 31 27 19 111 135 122 16 146
    16 25 28 142 124 134 25 98 134 192 161 1017 697 763 175 1289 83 93
    137 1342 120 130 30 123 130 148 165 1327 84 94 32 173 16 28 26 167
    124 152 37 167 193 276 188 2152 1251 1363 175 1235 144 169 141 1019
    104 127 11 103 126 162 104 778 1216 1277 138 1055 122 152 130 1144
    1163 1257 108 781 1271 1997 788 8249</data></Vector>
</opencv_storage>
