<?xml version="1.0"?>
<opencv_storage>
<Vector type_id="opencv-matrix">
  <rows>256</rows>
  <cols>1</cols>
  <dt>i</dt>
  <data>
    838 51 444 267 105 8 315 349 231 28 79 50 206 25 764 776 96 8 32 24
    13 0 23 21 222 21 78 41 312 31 826 832 490 29 168 66 40 1 78 48 65 1
    12 3 55 4 67 41 352 27 83 45 20 1 54 40 637 34 74 47 686 51 752 479
    61 10 36 11 7 1 33 16 20 2 4 3 26 3 43 36 7 0 1 2 0 1 2 3 26 0 3 2
    31 5 43 50 269 6 56 26 28 0 39 30 47 3 11 4 32 5 51 31 359 25 49 30
    22 2 35 34 520 27 44 32 641 53 476 411 197 154 45 330 21 21 48 468
    29 29 5 33 33 40 46 600 21 18 5 35 8 3 5 37 28 45 8 36 43 53 45 640
    56 34 7 48 4 2 5 44 3 1 0 3 4 5 4 24 42 48 8 37 1 2 12 41 44 48 3 21
    51 51 25 266 158 126 32 250 20 26 37 349 23 32 2 27 49 33 27 496 16
    26 3 37 0 6 4 40 38 51 6 42 57 73 53 661 490 350 49 321 35 26 39 298
    35 23 1 15 44 25 33 205 661 558 47 297 36 50 38 310 587 530 22 210
    610 728 316 2746</data></Vector>
</opencv_storage>
