<?xml version="1.0"?>
<opencv_storage>
<Vector type_id="opencv-matrix">
  <rows>256</rows>
  <cols>1</cols>
  <dt>i</dt>
  <data>
    317 17 244 133 23 3 149 112 77 5 16 16 67 3 224 284 23 3 13 8 2 0 7
    3 107 8 21 16 140 14 326 294 272 12 81 33 14 0 46 15 19 0 3 1 20 1
    40 12 165 6 44 13 10 0 13 10 248 14 37 15 321 16 393 175 20 0 8 4 0
    0 13 7 6 0 0 0 5 0 12 14 1 3 1 0 0 0 0 0 3 0 0 0 8 1 19 21 136 3 45
    15 4 1 15 13 10 2 1 0 20 1 19 12 140 8 25 9 6 0 16 9 203 12 12 12
    316 17 196 138 77 55 27 187 3 3 12 146 15 14 0 13 7 11 8 189 10 11 0
    11 0 0 1 7 8 19 1 13 22 22 10 226 20 19 3 30 1 1 1 11 2 2 0 0 0 2 0
    7 12 11 1 11 0 1 0 14 26 21 2 8 20 13 9 85 56 105 20 253 3 14 14 231
    14 10 0 14 19 19 10 210 6 16 2 11 1 1 0 16 13 20 0 21 23 46 22 341
    272 281 19 277 13 14 13 156 8 14 2 11 12 14 11 100 235 266 17 149 11
    20 13 124 189 257 5 91 268 377 108 1145</data></Vector>
</opencv_storage>
