<?xml version="1.0"?>
<opencv_storage>
<Vector type_id="opencv-matrix">
  <rows>256</rows>
  <cols>1</cols>
  <dt>i</dt>
  <data>
    484 41 213 153 46 7 135 179 111 10 18 19 104 8 228 233 36 1 16 14 7
    3 9 19 100 9 30 24 114 14 178 206 199 13 53 32 16 1 37 27 27 2 1 2
    21 4 20 13 137 11 29 22 12 0 18 18 207 17 20 19 156 18 149 163 50 5
    20 17 3 1 10 17 10 2 2 2 11 0 17 23 8 0 6 1 0 0 1 1 6 3 2 1 16 1 29
    21 151 8 29 19 11 1 23 21 11 3 6 4 19 1 22 24 161 11 24 12 9 0 16 19
    217 22 17 18 206 18 162 158 137 101 30 246 6 12 19 237 25 19 3 25 15
    17 16 234 9 16 1 12 1 3 1 20 16 27 4 14 27 20 17 220 32 26 4 24 6 3
    2 20 4 2 1 2 2 4 4 14 20 25 4 20 2 4 6 17 11 22 1 18 14 25 11 109 89
    123 27 233 13 13 19 221 23 31 3 19 17 29 22 228 12 17 2 22 4 2 3 22
    19 16 4 19 19 33 26 321 221 207 30 190 20 26 24 177 19 15 5 17 10 28
    13 101 237 219 24 185 15 25 12 185 230 181 15 116 217 294 102 1146</data></Vector>
</opencv_storage>
