<?xml version="1.0"?>
<opencv_storage>
<Vector type_id="opencv-matrix">
  <rows>256</rows>
  <cols>1</cols>
  <dt>i</dt>
  <data>
    1230 107 781 575 64 13 441 609 300 27 83 65 197 18 692 855 55 9 36
    32 4 1 27 18 215 19 63 53 239 21 572 749 752 52 254 163 34 5 108 88
    66 0 15 6 56 4 109 68 390 27 108 82 14 4 50 53 554 42 95 57 426 32
    621 520 90 9 44 20 13 1 44 26 30 2 6 6 34 1 40 46 10 0 1 1 2 0 1 0
    19 2 3 3 19 4 41 63 509 17 133 79 32 3 71 60 61 6 5 5 43 2 63 41 508
    31 100 54 22 2 40 44 903 46 56 59 571 58 461 538 360 352 82 1045 21
    23 58 1533 62 59 6 78 57 48 42 1118 24 31 1 55 1 5 3 36 42 54 3 54
    48 54 45 858 90 83 21 142 6 3 3 74 6 3 0 7 4 6 5 30 60 52 9 78 0 3 2
    39 42 64 3 44 31 49 24 316 278 489 65 1175 38 54 49 1154 74 79 7 66
    56 87 65 1095 20 33 3 51 2 7 5 54 49 89 6 62 64 127 59 1292 1026
    1257 120 1258 45 67 75 891 61 62 2 44 53 73 51 473 924 1213 71 774
    33 56 41 687 1002 970 35 385 772 1170 307 4667</data></Vector>
</opencv_storage>
