<?xml version="1.0"?>
<opencv_storage>
<Vector type_id="opencv-matrix">
  <rows>256</rows>
  <cols>1</cols>
  <dt>i</dt>
  <data>
    3344 330 1412 897 330 64 845 891 769 86 157 124 606 89 1034 1093 288
    40 128 98 42 12 73 77 582 75 170 130 632 82 1035 1117 1341 145 344
    218 116 26 198 158 185 22 39 17 164 20 146 150 809 83 182 147 76 17
    126 125 1201 117 153 124 1240 171 1065 1026 333 50 120 84 39 11 80
    81 91 12 11 15 69 13 123 129 58 10 16 14 9 3 7 17 99 10 25 15 83 23
    134 162 752 74 209 120 81 18 147 133 127 14 14 27 111 17 141 135 774
    67 170 121 65 18 111 115 1148 124 127 139 1268 159 1017 1150 801 615
    194 1381 87 85 131 1321 146 135 20 118 120 138 111 1274 78 64 16 123
    13 16 20 127 121 128 22 139 131 143 112 1185 160 153 39 205 21 21 21
    135 22 21 3 18 20 19 22 133 125 118 20 130 16 16 25 114 141 117 23
    77 112 200 79 728 654 728 179 1342 78 88 133 1460 112 143 19 101 144
    161 142 1343 79 100 26 158 10 26 22 180 120 160 20 165 152 233 162
    2002 1063 1145 175 1163 111 154 124 1060 105 117 15 90 132 158 108
    723 1024 1031 136 1033 100 175 111 1198 1133 1159 107 727 1157 1769
    751 7745</data></Vector>
</opencv_storage>
