<?xml version="1.0"?>
<opencv_storage>
<Vector type_id="opencv-matrix">
  <rows>256</rows>
  <cols>1</cols>
  <dt>i</dt>
  <data>
    64 2 69 39 3 0 35 57 13 0 1 1 10 0 66 60 5 0 2 2 0 0 0 1 9 5 6 2 16
    0 61 78 57 1 18 9 6 0 10 3 4 0 0 1 5 0 9 6 40 3 9 4 2 0 1 4 21 3 10
    1 32 3 60 39 1 0 2 1 0 0 1 2 1 1 0 0 3 0 4 1 0 0 0 0 0 0 0 1 0 0 0 0
    2 2 2 6 32 1 7 1 1 0 3 2 2 0 1 0 2 0 4 1 23 1 2 5 2 0 2 0 21 1 3 2
    35 2 37 23 14 10 3 56 1 0 1 46 2 4 0 4 0 1 6 81 0 0 0 5 0 0 0 1 5 4
    0 3 1 2 1 79 8 6 1 9 0 0 1 4 0 0 0 0 2 0 0 2 4 2 0 1 0 0 0 1 1 2 0 0
    2 2 1 23 16 20 6 52 1 1 2 50 3 6 0 1 4 3 3 65 1 2 0 3 0 0 0 1 1 3 0
    3 2 13 3 80 50 52 6 62 3 2 2 40 2 8 1 2 9 0 2 23 23 43 4 31 0 1 0 33
    46 54 4 26 48 89 15 347</data></Vector>
</opencv_storage>
