<?xml version="1.0"?>
<opencv_storage>
<Vector type_id="opencv-matrix">
  <rows>256</rows>
  <cols>1</cols>
  <dt>i</dt>
  <data>
    1230 108 818 495 120 14 518 643 345 35 99 59 282 31 783 998 86 11 44
    32 12 4 20 35 210 20 55 44 289 37 594 791 616 35 248 149 50 4 142
    116 57 5 14 14 80 7 120 77 335 36 102 71 29 3 60 61 586 42 96 62 612
    68 720 625 87 10 36 24 8 2 24 25 27 3 1 8 35 1 48 53 10 0 5 2 1 0 3
    6 25 5 6 4 23 8 43 57 318 13 105 55 27 1 73 62 49 2 11 4 54 4 60 58
    416 24 72 53 26 7 39 38 638 45 47 41 575 59 494 547 332 230 103 796
    47 24 78 1190 73 55 8 63 61 75 65 1123 34 33 6 47 0 7 7 68 45 52 3
    56 54 86 55 919 75 58 21 96 5 8 10 88 6 5 1 4 8 4 7 61 38 43 8 56 5
    0 10 67 60 47 4 40 42 71 33 448 177 203 69 577 34 32 65 911 57 46 8
    34 55 68 73 914 24 24 4 50 4 5 2 87 41 69 12 47 55 154 61 1254 416
    359 80 510 40 42 61 545 44 42 2 22 53 75 32 362 521 427 49 386 36 39
    43 508 629 503 33 280 633 930 273 4299</data></Vector>
</opencv_storage>
