<?xml version="1.0"?>
<opencv_storage>
<Vector type_id="opencv-matrix">
  <rows>256</rows>
  <cols>1</cols>
  <dt>i</dt>
  <data>
    472 36 234 101 40 3 117 56 102 13 25 9 81 4 139 106 44 4 14 11 8 0
    13 6 82 8 29 14 137 18 205 130 240 21 79 39 28 3 32 15 36 3 8 1 30 3
    20 14 137 8 39 24 11 2 23 12 206 17 24 21 268 32 216 133 45 2 22 15
    8 2 13 7 16 0 2 2 16 2 18 8 7 0 4 0 1 0 3 2 8 1 4 1 19 3 24 19 102
    13 29 19 8 4 23 14 12 0 4 1 18 3 17 14 89 10 22 10 7 1 17 8 151 16
    14 7 203 31 146 143 96 73 32 146 10 12 18 96 21 10 0 15 16 17 12 93
    9 8 1 19 3 1 1 15 9 18 1 11 27 26 18 160 22 24 5 22 3 3 4 14 3 1 0 0
    2 1 0 7 14 17 1 18 3 2 3 16 6 13 1 9 19 25 17 93 79 105 13 168 14 10
    23 146 11 19 1 15 18 18 18 154 8 15 7 19 0 4 1 30 16 25 2 29 19 48
    17 306 136 148 25 175 11 19 15 115 18 18 5 13 14 21 8 79 120 120 23
    138 15 30 13 128 142 164 12 93 206 318 101 1065</data></Vector>
</opencv_storage>
