<?xml version="1.0"?>
<opencv_storage>
<Vector type_id="opencv-matrix">
  <rows>256</rows>
  <cols>1</cols>
  <dt>i</dt>
  <data>
    674 53 201 105 66 6 149 125 169 22 47 40 117 19 238 196 69 10 17 16
    8 5 17 12 127 19 30 28 122 23 253 262 255 19 58 36 21 3 35 24 35 7 5
    6 23 1 26 17 183 14 36 34 21 1 29 14 188 31 28 32 165 33 196 199 68
    12 24 15 8 4 15 10 25 2 6 0 17 2 20 18 8 5 2 7 2 0 4 4 17 4 2 5 24
    10 28 35 171 18 29 18 17 4 26 19 25 2 3 3 19 5 26 22 171 19 42 26 8
    6 24 26 174 26 19 32 195 22 220 205 146 99 26 112 24 21 22 124 25 26
    7 15 24 17 14 153 24 12 3 14 6 0 4 23 26 25 3 22 27 26 20 184 37 24
    4 29 4 3 3 13 3 0 2 10 9 3 2 13 32 27 3 22 4 2 9 39 26 25 1 16 25 29
    24 145 102 79 23 82 10 20 12 107 28 19 6 16 34 21 24 131 21 26 10 14
    2 2 3 16 25 28 8 29 29 41 36 281 211 124 21 112 24 37 25 121 23 11 4
    16 30 35 10 99 254 238 36 147 32 36 28 171 227 219 27 131 241 339
    173 1312</data></Vector>
</opencv_storage>
