<?xml version="1.0"?>
<opencv_storage>
<Vector type_id="opencv-matrix">
  <rows>256</rows>
  <cols>1</cols>
  <dt>i</dt>
  <data>
    44 0 43 12 2 0 36 36 9 0 2 1 21 3 73 63 1 0 4 2 1 0 1 0 13 1 4 3 23
    3 79 95 45 1 16 10 3 0 9 0 1 1 0 0 3 0 7 1 14 2 10 2 2 0 3 1 52 1 7
    1 45 3 79 51 3 0 0 0 0 0 0 0 0 0 0 1 0 0 2 1 0 0 0 0 0 0 0 0 0 0 0 0
    3 1 4 5 19 0 14 5 0 0 2 1 4 0 1 1 4 0 1 2 32 0 6 0 0 0 2 0 56 1 3 1
    50 3 30 22 10 6 1 26 3 1 1 24 0 1 0 3 1 1 2 38 0 1 0 0 0 0 1 2 0 4 0
    1 2 5 6 73 2 1 2 2 0 0 0 1 0 0 0 0 0 0 0 3 1 4 0 2 1 0 2 0 2 3 0 2 3
    2 1 22 5 12 3 29 0 3 0 19 2 2 0 1 1 2 1 26 0 4 0 2 0 0 0 2 1 1 1 2 6
    7 3 62 41 45 6 50 2 2 2 25 0 4 0 1 1 1 2 17 37 27 2 25 0 5 5 17 51
    38 1 20 42 63 15 212</data></Vector>
</opencv_storage>
