<?xml version="1.0"?>
<opencv_storage>
<Vector type_id="opencv-matrix">
  <rows>256</rows>
  <cols>1</cols>
  <dt>i</dt>
  <data>
    791 109 376 263 69 11 221 230 147 25 53 44 119 15 272 265 78 5 32 21
    7 4 17 18 150 15 33 23 134 17 206 300 303 47 93 57 28 4 56 33 43 6 8
    4 32 5 34 36 218 27 54 32 18 3 20 21 279 30 46 37 228 26 213 224 72
    13 35 28 11 3 20 16 29 3 4 3 17 7 28 34 11 2 6 4 2 0 1 5 27 2 6 5 21
    2 38 45 187 23 44 42 18 3 37 30 21 3 2 7 22 3 29 29 201 18 45 27 15
    6 31 26 257 25 26 37 291 29 235 202 181 200 49 406 24 22 24 530 23
    20 2 32 26 39 32 312 22 26 6 28 4 2 3 22 17 27 4 32 24 45 27 300 51
    43 11 62 7 6 6 40 4 6 2 4 4 1 4 14 30 31 8 32 2 5 6 30 29 23 6 24 19
    32 11 155 148 205 51 438 26 26 29 484 29 30 4 32 25 39 32 362 22 24
    2 39 5 6 6 44 25 47 6 43 39 68 39 517 309 383 42 381 30 44 33 304 29
    26 5 28 33 49 22 198 269 292 19 245 26 52 20 270 264 296 22 160 286
    458 166 1806</data></Vector>
</opencv_storage>
