<?xml version="1.0"?>
<opencv_storage>
<Vector type_id="opencv-matrix">
  <rows>256</rows>
  <cols>1</cols>
  <dt>i</dt>
  <data>
    740 96 350 288 52 12 167 243 143 20 28 38 89 11 150 239 44 10 16 25
    6 2 8 14 65 13 20 29 58 13 107 184 315 39 89 69 20 8 37 40 39 2 12 3
    32 1 27 25 137 19 33 33 12 1 16 22 192 27 27 25 93 23 96 137 82 16
    36 29 10 6 21 23 20 5 2 5 19 5 26 31 8 4 3 3 4 0 4 5 16 3 4 3 16 6
    30 37 174 24 46 47 21 3 34 32 37 6 9 7 32 3 31 30 167 20 34 24 19 0
    13 18 368 30 28 29 192 34 129 191 221 229 52 528 14 26 40 629 23 36
    4 38 22 30 25 350 16 24 2 35 5 4 1 25 21 31 3 28 9 37 11 250 39 50 7
    62 3 14 3 48 6 6 0 2 10 3 4 33 25 29 2 36 3 2 5 23 14 28 3 18 16 32
    9 122 174 264 57 475 20 36 33 542 24 50 7 61 37 42 34 464 19 32 6 47
    2 5 2 43 21 37 7 46 22 61 31 485 298 397 41 400 36 49 31 391 30 34 6
    36 29 44 32 224 200 343 34 282 19 34 21 316 247 309 15 190 207 416
    113 1821</data></Vector>
</opencv_storage>
