<?xml version="1.0"?>
<opencv_storage>
<Vector type_id="opencv-matrix">
  <rows>256</rows>
  <cols>1</cols>
  <dt>i</dt>
  <data>
    637 85 325 250 56 11 191 278 200 34 42 53 150 16 430 685 62 4 33 19
    5 0 11 20 174 23 34 36 138 12 410 532 337 41 76 61 27 9 42 40 41 5 5
    2 46 4 53 33 174 29 38 35 16 1 16 29 362 46 40 44 359 38 380 396 79
    10 48 14 11 0 30 22 27 2 2 4 16 3 45 43 18 0 9 2 1 0 3 2 16 4 5 2 14
    3 33 40 244 19 50 24 24 4 34 34 40 3 9 6 33 2 53 27 259 27 40 29 21
    3 21 32 504 35 28 21 407 33 362 358 230 201 48 553 23 21 40 632 42
    30 11 47 31 30 41 645 12 19 5 48 3 1 4 36 33 33 3 61 14 15 23 435 54
    61 8 57 3 9 3 48 10 6 0 3 6 12 5 33 42 38 2 57 6 1 1 30 40 59 3 39
    27 43 23 294 198 277 57 575 25 20 48 634 35 37 4 41 24 23 48 506 22
    24 10 66 0 0 2 36 37 29 11 64 16 34 38 539 601 706 54 663 53 77 54
    559 49 54 7 34 53 60 31 374 703 718 47 587 44 34 37 434 644 560 46
    398 395 530 284 2830</data></Vector>
</opencv_storage>
