<?xml version="1.0"?>
<opencv_storage>
<Vector type_id="opencv-matrix">
  <rows>256</rows>
  <cols>1</cols>
  <dt>i</dt>
  <data>
    1334 132 739 485 82 17 405 383 256 34 73 60 209 26 533 531 91 17 45
    34 8 0 29 23 182 24 77 48 237 29 500 562 722 64 214 124 43 5 100 75
    52 7 7 6 52 4 71 61 367 36 103 70 28 1 40 32 431 44 60 60 327 40 392
    363 111 14 56 40 7 0 35 29 30 4 5 5 26 1 56 51 13 3 5 5 3 2 4 0 17 2
    4 4 31 7 63 56 439 34 125 70 31 4 56 46 53 7 8 5 39 3 45 51 405 35
    86 51 21 5 32 42 498 40 47 49 431 56 378 376 284 298 52 666 24 33 47
    533 62 45 5 35 38 48 35 569 39 33 3 55 3 1 7 43 48 57 8 59 45 74 34
    595 77 96 22 100 4 6 9 66 3 6 0 8 5 6 5 40 50 54 6 64 7 5 6 35 34 50
    3 33 34 70 18 224 273 419 66 753 24 42 47 670 47 72 6 53 51 94 42
    704 24 51 3 59 3 9 3 48 40 87 6 73 63 138 51 1000 723 791 89 751 59
    64 74 556 53 52 1 37 48 71 28 329 627 751 71 535 46 72 38 482 607
    733 40 302 560 923 244 3361</data></Vector>
</opencv_storage>
