<?xml version="1.0"?>
<opencv_storage>
<Vector type_id="opencv-matrix">
  <rows>256</rows>
  <cols>1</cols>
  <dt>i</dt>
  <data>
    585 44 244 178 40 10 171 162 165 12 29 23 124 12 314 250 73 1 23 10
    6 2 17 12 162 5 37 23 231 14 347 301 296 19 58 42 15 2 39 19 45 3 6
    0 47 0 37 24 289 16 58 34 25 1 29 12 769 18 55 28 698 28 504 306 50
    3 29 10 2 1 19 10 19 3 6 3 20 1 24 19 8 0 2 0 1 1 3 1 18 0 3 3 22 0
    41 22 210 9 44 23 15 3 27 17 25 1 4 1 29 3 30 21 416 14 36 21 19 1
    34 21 1094 33 38 24 875 45 403 294 127 142 39 321 15 10 23 332 31 15
    4 18 25 23 21 303 10 13 4 13 3 2 4 30 32 24 3 20 28 37 17 314 38 27
    7 32 1 1 3 14 5 3 0 1 1 1 2 17 23 18 2 31 3 3 2 23 37 24 6 23 39 39
    17 180 115 195 39 398 12 14 20 386 20 17 0 27 24 26 19 320 14 14 4
    25 1 2 0 27 18 32 3 34 38 42 37 415 304 335 36 386 25 30 25 250 20
    19 5 8 21 28 25 127 524 365 26 285 31 29 24 220 776 372 25 175 600
    508 237 1742</data></Vector>
</opencv_storage>
