<?xml version="1.0"?>
<opencv_storage>
<Vector type_id="opencv-matrix">
  <rows>256</rows>
  <cols>1</cols>
  <dt>i</dt>
  <data>
    317 23 138 96 45 3 94 92 96 11 17 13 94 7 148 131 39 4 10 13 4 1 9
    12 83 12 14 17 98 10 159 143 150 12 30 18 14 0 31 14 21 0 2 3 15 2
    15 18 97 7 17 15 10 1 9 13 161 12 27 8 134 16 153 118 32 1 16 10 4 0
    9 5 7 0 2 2 7 2 14 10 3 0 0 0 1 1 0 0 11 0 4 1 11 3 22 17 106 9 21
    14 8 0 13 12 14 2 2 1 8 1 16 14 132 5 13 14 10 2 18 11 153 9 14 17
    192 30 114 103 85 55 20 101 5 8 16 115 11 12 3 13 6 9 14 138 12 8 3
    17 1 1 1 9 12 18 2 17 22 17 10 130 15 12 0 13 3 3 3 9 2 1 0 3 1 0 0
    7 26 16 2 11 1 1 2 6 11 10 1 5 12 21 9 60 46 60 17 109 8 9 10 121 7
    17 1 5 18 15 12 101 5 16 2 11 0 4 0 16 17 17 2 10 18 20 11 183 141
    95 20 85 13 10 16 94 11 9 0 7 12 10 9 52 187 130 9 95 16 16 17 84
    149 154 5 66 179 204 85 714</data></Vector>
</opencv_storage>
