<?xml version="1.0"?>
<opencv_storage>
<Vector type_id="opencv-matrix">
  <rows>256</rows>
  <cols>1</cols>
  <dt>i</dt>
  <data>
    67 1 38 9 4 0 22 19 18 2 2 2 20 1 42 25 8 0 4 1 2 0 0 0 13 3 3 0 21
    2 39 37 37 1 13 7 2 0 9 4 3 1 2 0 2 0 1 0 26 2 8 6 1 0 3 5 19 2 4 4
    39 2 43 22 5 0 1 1 0 0 0 3 2 0 0 0 1 0 2 2 1 0 0 0 0 0 0 0 0 1 2 0 2
    1 4 2 14 1 7 4 1 0 2 3 4 0 0 0 3 0 4 0 19 0 3 0 0 0 3 2 26 2 3 1 43
    2 23 25 12 11 5 19 0 0 2 13 3 1 0 4 0 0 2 16 1 3 0 2 0 0 0 2 3 1 0 2
    7 5 1 30 2 1 1 3 0 0 1 1 0 0 0 0 0 0 0 1 1 6 1 2 0 0 1 2 1 1 0 0 4 4
    1 11 12 16 2 10 1 0 4 15 2 2 0 1 0 3 1 19 1 0 0 3 0 0 0 3 3 3 1 2 5
    3 1 47 25 17 3 10 2 1 1 18 0 1 0 0 2 3 2 10 15 31 2 15 2 5 5 16 25
    33 0 9 27 41 14 139</data></Vector>
</opencv_storage>
