<?xml version="1.0"?>
<opencv_storage>
<Vector type_id="opencv-matrix">
  <rows>256</rows>
  <cols>1</cols>
  <dt>i</dt>
  <data>
    3125 327 1235 743 288 58 603 685 572 71 158 102 391 64 617 672 272
    36 119 83 40 13 55 64 417 53 110 89 399 61 528 637 1256 113 318 182
    127 15 132 135 168 15 34 25 126 21 107 132 707 84 157 111 69 8 105
    90 790 87 123 101 653 109 620 589 388 61 123 90 44 9 97 68 71 20 23
    14 72 19 91 90 80 12 22 17 8 7 18 18 68 17 33 17 76 25 120 147 796
    87 186 137 68 16 127 106 119 22 25 23 87 21 106 118 691 76 157 108
    67 17 89 115 961 112 124 119 838 158 642 765 714 588 150 1128 74 64
    103 1108 140 101 28 91 91 108 79 884 67 57 17 113 15 10 20 105 99 96
    9 89 118 123 83 784 165 151 35 154 19 26 16 123 15 10 5 17 18 30 14
    106 105 101 20 115 9 17 17 114 83 92 14 78 96 132 84 536 540 736 158
    1273 75 111 103 1164 107 166 23 131 99 139 112 1044 94 93 37 169 15
    23 26 140 119 156 38 176 128 240 155 1568 1028 1175 151 1192 117 164
    104 902 96 118 10 112 101 156 71 633 897 1041 116 890 93 143 124 886
    924 1086 123 700 880 1687 518 6247</data></Vector>
</opencv_storage>
