<?xml version="1.0"?>
<opencv_storage>
<Vector type_id="opencv-matrix">
  <rows>256</rows>
  <cols>1</cols>
  <dt>i</dt>
  <data>
    7893 975 2495 1510 837 160 1389 1255 1699 226 383 274 1102 188 1502
    1324 921 125 325 205 168 32 199 168 1326 178 346 264 1131 189 1641
    1500 2536 294 524 338 343 61 323 280 377 75 91 63 354 68 318 278
    1660 230 343 280 216 53 258 257 2159 261 321 292 2040 351 1728 1658
    916 155 300 230 133 38 205 176 246 49 60 50 189 51 258 233 206 42 64
    55 46 17 53 70 241 49 74 50 235 80 335 380 1554 224 347 262 200 43
    276 262 324 48 59 58 237 59 245 291 1615 211 319 258 212 58 277 272
    2385 297 342 318 2271 423 1848 2144 1710 1228 429 2044 220 210 309
    1770 286 248 63 228 258 229 236 1548 245 180 76 258 49 40 47 271 250
    232 58 256 262 300 234 1824 398 351 81 312 64 63 48 336 69 46 11 58
    60 82 54 283 270 270 61 237 59 76 52 287 273 265 66 219 325 378 244
    1469 1248 1297 384 2175 198 208 282 2113 245 252 56 267 266 306 285
    2035 215 211 68 378 45 61 74 386 259 317 86 406 338 484 373 3189
    1849 1848 329 1928 245 320 239 1822 260 257 50 265 283 421 216 1563
    1789 2002 319 1786 277 369 286 2218 2062 2104 296 1574 2314 3420
    1676 14957</data></Vector>
</opencv_storage>
