<?xml version="1.0"?>
<opencv_storage>
<Vector type_id="opencv-matrix">
  <rows>256</rows>
  <cols>1</cols>
  <dt>i</dt>
  <data>
    1063 78 645 379 118 14 510 574 304 22 78 52 329 25 1020 1053 107 2
    49 22 13 0 24 28 307 30 74 53 526 36 1264 1163 636 32 202 90 47 4
    134 96 74 4 16 1 72 3 108 53 505 28 128 54 27 2 40 52 981 41 101 53
    1145 57 1271 751 90 9 27 16 11 0 29 22 18 2 4 3 25 2 36 30 11 1 3 2
    2 0 5 2 27 3 0 1 42 4 49 53 401 21 96 54 24 3 48 47 60 0 9 4 39 4 43
    40 640 19 88 48 24 2 53 34 1050 40 63 41 1027 54 754 542 262 215 55
    671 26 22 60 875 40 43 7 52 51 40 66 1064 22 22 4 42 3 4 5 43 40 58
    5 67 78 79 53 969 73 52 6 89 3 5 6 38 9 1 0 2 3 7 8 41 57 55 5 43 2
    3 6 41 64 49 6 43 56 58 40 383 219 296 40 571 19 27 44 723 44 39 4
    29 54 61 48 747 17 25 4 40 3 5 2 35 57 58 6 42 72 95 56 980 721 661
    88 774 36 41 46 493 53 36 2 27 44 51 34 302 951 781 61 524 41 54 45
    442 1135 827 35 286 953 1017 383 3866</data></Vector>
</opencv_storage>
