<?xml version="1.0"?>
<opencv_storage>
<Vector type_id="opencv-matrix">
  <rows>256</rows>
  <cols>1</cols>
  <dt>i</dt>
  <data>
    2371 265 793 532 199 49 339 347 374 63 113 94 199 48 296 380 175 43
    77 59 22 7 33 45 185 43 73 59 165 36 221 311 760 124 195 148 60 22
    76 99 89 14 21 21 68 20 63 66 371 74 105 91 31 9 55 63 350 55 78 74
    196 59 207 286 289 67 109 73 27 13 60 67 60 30 18 15 57 23 59 80 43
    13 15 19 15 3 12 13 65 17 20 9 54 21 69 93 461 74 139 115 50 17 58
    96 86 18 22 24 63 15 57 73 334 49 81 98 48 14 50 79 444 78 83 88 353
    97 334 478 524 461 142 636 59 50 82 484 72 77 12 89 54 95 55 479 67
    58 14 89 11 19 10 63 62 84 10 68 60 80 40 462 104 127 21 135 22 23
    20 82 20 23 11 26 12 30 9 96 66 78 17 82 14 13 22 90 50 71 15 45 46
    86 51 300 420 512 119 713 47 94 69 692 85 84 18 101 65 116 88 682 58
    80 20 106 10 23 12 137 67 126 18 141 65 173 88 1030 623 742 109 713
    72 138 76 652 94 91 21 101 81 155 53 550 483 653 87 595 79 131 80
    745 435 679 67 508 471 977 328 4350</data></Vector>
</opencv_storage>
