<?xml version="1.0"?>
<opencv_storage>
<Vector type_id="opencv-matrix">
  <rows>256</rows>
  <cols>1</cols>
  <dt>i</dt>
  <data>
    2484 226 990 574 261 32 637 580 588 60 134 99 456 63 1001 798 249 31
    87 71 42 10 55 73 479 61 122 95 521 84 950 988 951 87 232 138 97 19
    149 124 134 18 13 13 125 17 125 98 636 56 148 77 57 12 112 70 825 83
    116 87 862 102 785 786 218 21 85 43 31 4 70 54 76 8 7 14 55 11 105
    97 40 8 14 6 7 0 16 10 54 11 15 6 81 7 110 123 583 40 131 100 58 6
    107 82 82 17 11 8 86 14 89 88 585 64 139 81 62 8 84 88 704 82 102 88
    843 130 724 786 517 386 139 667 54 54 92 664 102 80 9 67 93 84 87
    807 71 43 11 80 14 11 17 92 94 92 15 91 117 118 85 957 113 87 22 110
    11 22 14 72 17 14 5 10 6 20 11 70 92 82 10 85 18 10 15 87 91 100 15
    45 83 124 66 524 415 365 92 512 61 57 86 691 76 80 12 74 92 121 69
    771 66 70 15 99 7 11 15 118 85 117 9 110 119 193 113 1248 743 611
    109 528 87 101 94 599 77 70 11 49 79 98 69 436 874 880 92 575 106
    141 103 665 804 794 75 470 866 1278 533 5167</data></Vector>
</opencv_storage>
