<?xml version="1.0"?>
<opencv_storage>
<Vector type_id="opencv-matrix">
  <rows>256</rows>
  <cols>1</cols>
  <dt>i</dt>
  <data>
    1687 119 1038 605 116 11 741 918 437 28 119 79 371 33 1398 1883 140
    8 50 52 6 1 27 33 409 40 95 58 585 41 1296 1544 1197 48 399 175 48
    10 185 137 89 2 18 9 74 5 160 87 752 48 201 101 25 3 96 89 1278 66
    159 94 1109 60 1401 902 132 6 59 24 8 1 26 30 41 2 5 3 30 4 58 61 15
    1 3 2 0 0 8 3 35 0 4 6 41 5 88 81 829 27 198 91 45 2 98 73 89 5 13 4
    49 5 80 49 1228 42 162 78 44 2 89 62 1679 70 98 71 1320 65 926 772
    407 363 91 959 40 15 69 1144 89 88 9 79 76 79 82 1729 36 37 6 50 6 6
    1 58 94 80 7 83 93 118 66 1479 132 80 21 115 6 3 13 91 9 3 0 1 12 3
    5 58 91 80 15 87 3 3 7 60 109 73 4 42 68 87 47 528 381 459 75 764 40
    45 52 955 80 69 5 57 82 86 89 1188 28 56 5 56 4 5 3 60 93 124 2 91
    101 193 77 1656 1501 1333 163 1211 71 52 78 793 112 73 5 49 84 74 55
    461 2131 1725 117 944 65 77 58 755 2163 1705 60 496 1416 1868 556
    6756</data></Vector>
</opencv_storage>
