<?xml version="1.0"?>
<opencv_storage>
<Vector type_id="opencv-matrix">
  <rows>256</rows>
  <cols>1</cols>
  <dt>i</dt>
  <data>
    885 52 667 342 58 6 440 582 201 6 71 37 185 13 868 1009 63 7 32 13 4
    2 20 17 245 24 53 31 365 33 1078 1054 682 27 255 120 22 3 129 78 74
    1 11 1 38 0 115 43 436 22 126 42 16 0 66 30 712 25 92 37 701 48 986
    568 58 3 20 12 5 1 14 18 16 1 1 2 14 0 28 21 8 0 2 0 0 0 2 0 15 2 4
    1 28 4 54 46 429 8 99 45 16 0 54 46 24 2 8 2 34 0 37 28 619 13 75 32
    19 1 38 22 801 21 40 27 751 30 577 390 196 174 50 560 14 16 33 807
    39 33 3 41 37 29 34 1060 16 13 1 34 0 2 1 21 38 44 5 42 56 68 35 892
    55 40 11 75 0 1 2 37 8 5 0 1 2 1 2 26 51 33 5 35 2 1 0 32 56 41 5 31
    30 55 17 241 171 312 42 504 18 17 23 571 43 48 6 31 59 55 39 678 22
    27 1 20 1 3 0 41 38 55 1 52 57 116 49 1014 769 799 89 724 30 41 49
    441 36 35 5 14 32 51 22 242 1037 952 60 481 30 48 42 319 1081 836 21
    264 852 1025 310 3479</data></Vector>
</opencv_storage>
