<?xml version="1.0"?>
<opencv_storage>
<Vector type_id="opencv-matrix">
  <rows>256</rows>
  <cols>1</cols>
  <dt>i</dt>
  <data>
    7942 765 2533 1475 708 151 1301 1167 1654 235 362 261 906 166 1613
    1556 792 131 273 179 104 38 147 145 1068 179 283 234 882 164 1391
    1502 2592 337 637 400 274 75 374 280 379 63 84 56 317 51 255 260
    1340 207 352 295 164 46 249 233 1645 235 284 262 1399 299 1410 1478
    914 174 328 185 112 37 200 156 241 60 63 63 177 47 229 252 173 43 81
    54 25 16 42 62 164 50 63 63 163 51 242 363 1557 211 401 283 193 45
    275 253 282 58 89 82 273 66 233 301 1265 202 340 285 153 59 284 322
    1723 311 254 313 1679 347 1623 2234 1831 1120 405 1829 239 214 264
    1639 347 258 71 245 246 274 217 1675 240 182 60 239 42 44 55 259 269
    246 58 269 264 298 204 1846 417 369 88 327 67 83 68 282 77 66 17 49
    59 85 50 234 294 247 62 283 61 70 82 330 250 277 45 222 224 364 214
    1357 1202 1286 385 2001 186 171 252 1946 287 320 64 263 267 347 280
    2119 182 231 87 363 52 63 45 380 248 326 97 444 319 509 406 3452
    2030 1930 326 2009 249 339 278 1828 247 263 52 279 278 475 242 1592
    1795 2004 300 1965 263 381 317 2513 1803 2187 291 1683 1933 3646
    1375 16338</data></Vector>
</opencv_storage>
