<?xml version="1.0"?>
<opencv_storage>
<Vector type_id="opencv-matrix">
  <rows>256</rows>
  <cols>1</cols>
  <dt>i</dt>
  <data>
    231 19 63 33 19 3 22 24 54 4 9 7 19 6 22 27 29 5 6 6 7 0 3 6 19 6 8
    7 12 4 18 26 61 8 12 10 7 3 6 8 17 0 4 1 6 3 5 7 33 4 11 3 6 0 4 6
    24 11 2 4 20 9 13 28 27 5 10 9 1 1 6 4 3 2 2 2 8 0 8 2 3 4 1 3 5 1 0
    2 4 4 0 1 2 2 4 6 23 4 8 6 5 1 7 8 6 4 3 2 11 1 8 8 15 3 10 6 8 0 11
    8 20 3 9 5 18 11 37 51 43 28 8 30 8 4 9 24 9 8 0 6 5 11 5 25 11 3 0
    5 2 2 1 2 16 7 0 8 6 9 0 38 7 8 2 5 3 1 3 13 1 1 4 1 0 1 3 5 8 10 1
    3 2 1 1 5 6 5 4 4 7 12 12 29 21 15 6 20 3 6 7 27 10 6 3 11 4 5 5 46
    9 3 2 5 2 4 3 12 8 10 2 15 7 12 10 66 31 16 4 25 6 10 7 36 4 8 1 11
    9 9 5 36 22 31 8 36 10 12 8 78 21 45 13 38 41 82 34 402</data></Vector>
</opencv_storage>
