<?xml version="1.0"?>
<opencv_storage>
<Vector type_id="opencv-matrix">
  <rows>256</rows>
  <cols>1</cols>
  <dt>i</dt>
  <data>
    1120 111 523 361 105 22 324 433 296 34 60 48 229 27 497 555 124 11
    40 23 14 3 20 33 259 36 72 46 268 33 462 497 525 40 111 86 20 2 76
    72 60 8 18 1 44 5 60 33 395 36 69 67 25 3 45 53 624 47 75 47 462 50
    489 379 93 11 40 14 8 1 30 38 28 2 4 6 23 1 56 44 18 1 6 3 3 1 3 2
    28 1 5 1 40 7 47 70 326 27 67 43 26 4 51 32 55 4 10 10 48 1 42 43
    437 27 55 45 31 3 46 50 786 52 57 39 687 68 416 407 258 241 57 549
    28 31 55 749 48 32 5 38 38 50 45 593 29 35 4 57 6 4 2 45 50 39 8 44
    42 42 34 516 78 59 7 68 3 9 4 50 4 6 0 7 6 7 6 34 59 43 8 43 8 5 5
    48 54 39 3 29 36 48 30 235 206 230 43 450 32 31 51 599 53 61 8 28 42
    38 45 575 26 23 7 37 4 4 5 52 48 51 8 45 61 97 56 741 527 394 46 373
    47 51 43 395 49 31 4 19 49 57 26 282 669 511 43 370 42 47 48 413 702
    509 30 248 594 739 291 2708</data></Vector>
</opencv_storage>
