<?xml version="1.0"?>
<opencv_storage>
<Vector type_id="opencv-matrix">
  <rows>256</rows>
  <cols>1</cols>
  <dt>i</dt>
  <data>
    71 6 61 33 7 0 50 36 12 1 4 4 21 1 62 57 3 0 1 1 0 0 0 3 17 1 4 2 29
    3 71 83 64 3 24 6 4 0 6 7 5 0 1 0 4 0 8 8 36 3 9 7 2 0 8 4 54 3 9 6
    109 5 92 50 5 0 4 0 1 0 1 4 1 1 0 0 0 0 0 2 0 0 0 0 0 0 0 0 0 0 0 0
    1 0 3 4 24 1 3 4 1 0 3 3 5 0 0 1 5 0 7 6 34 1 8 3 1 0 3 7 60 4 3 1
    67 2 39 20 17 14 4 83 3 1 2 61 2 4 0 2 2 4 2 70 4 2 0 6 0 0 0 3 4 1
    1 6 1 1 3 69 5 4 0 7 0 0 1 7 1 1 0 0 0 0 0 4 4 4 0 3 0 0 1 1 4 2 1 2
    5 3 1 23 21 23 5 79 0 2 7 58 4 3 0 3 3 6 4 89 1 1 0 8 0 0 0 4 2 6 0
    3 3 5 6 109 43 56 7 62 3 1 10 45 5 2 0 1 5 3 2 20 68 53 3 49 2 3 1
    30 71 48 1 24 69 75 19 312</data></Vector>
</opencv_storage>
