<?xml version="1.0"?>
<opencv_storage>
<Vector type_id="opencv-matrix">
  <rows>256</rows>
  <cols>1</cols>
  <dt>i</dt>
  <data>
    492 52 250 163 32 5 144 162 101 12 29 19 76 8 156 217 42 2 14 5 4 0
    9 9 72 7 21 15 90 15 135 165 239 15 78 47 11 6 22 29 30 3 5 3 21 4
    17 14 163 15 31 26 8 1 17 16 173 21 22 20 145 15 132 120 45 5 17 8 4
    1 17 10 13 0 1 2 7 0 12 20 7 1 3 2 1 1 2 2 12 3 2 1 9 2 21 14 149 8
    37 32 10 3 23 15 17 3 2 2 17 1 14 21 174 11 20 22 14 1 8 14 220 14
    18 15 180 22 142 134 113 93 26 232 13 10 18 244 22 11 2 12 20 17 19
    224 11 16 3 10 5 4 1 25 14 20 2 17 18 24 13 215 20 27 2 33 4 2 6 20
    1 3 0 0 1 4 0 11 16 18 3 18 0 4 1 19 18 15 1 16 15 24 10 104 92 104
    23 170 11 15 17 240 27 24 1 15 13 33 16 242 12 17 3 24 1 7 3 25 17
    22 1 27 26 38 25 305 227 212 27 165 18 22 11 147 12 11 2 14 22 24 10
    121 251 202 21 159 17 24 16 160 227 223 12 94 206 327 102 1116</data></Vector>
</opencv_storage>
