<?xml version="1.0"?>
<opencv_storage>
<Vector type_id="opencv-matrix">
  <rows>256</rows>
  <cols>1</cols>
  <dt>i</dt>
  <data>
    536 37 369 264 29 1 239 314 151 12 34 25 119 7 407 510 36 3 16 7 3 1
    10 16 124 12 26 34 184 13 310 446 356 17 101 47 22 1 74 40 38 1 7 2
    24 3 42 37 220 11 53 31 7 2 34 30 440 21 51 31 318 23 378 268 32 4
    15 8 3 1 12 13 15 0 0 1 7 0 17 14 4 0 0 0 0 0 0 0 6 1 2 0 19 4 16 23
    234 7 59 20 13 0 36 17 27 0 4 4 16 0 40 19 330 12 45 19 10 1 33 20
    512 22 29 24 397 16 282 227 161 115 34 404 15 9 30 495 30 24 1 25 28
    22 28 549 7 13 2 21 1 4 2 14 32 23 2 26 21 33 19 469 47 32 5 47 3 0
    1 23 2 0 0 0 2 1 0 14 21 24 5 39 2 0 3 15 20 35 3 9 14 28 7 145 124
    165 26 347 14 16 19 418 32 20 2 22 29 25 23 427 15 18 0 19 1 1 1 27
    23 50 1 26 33 56 28 549 490 363 39 408 10 15 38 265 28 19 2 12 27 24
    17 158 513 480 24 309 11 27 26 228 598 441 20 126 461 526 130 1975</data></Vector>
</opencv_storage>
