<?xml version="1.0"?>
<opencv_storage>
<Vector type_id="opencv-matrix">
  <rows>256</rows>
  <cols>1</cols>
  <dt>i</dt>
  <data>
    2305 257 1191 769 160 30 560 743 469 53 161 117 285 57 748 980 168
    27 100 56 21 6 28 47 345 53 91 80 280 42 539 791 1164 127 370 199 63
    22 135 138 117 13 20 8 88 12 106 102 632 46 156 113 25 10 64 97 730
    84 108 94 498 63 508 528 203 37 91 54 19 4 77 54 45 9 14 19 43 7 74
    85 36 5 10 7 3 1 8 6 72 14 11 13 51 12 78 111 715 56 206 115 58 6
    127 101 95 8 23 17 85 7 92 80 628 58 134 89 48 7 68 84 900 97 106
    105 698 95 558 759 613 565 146 1274 45 58 86 1160 86 94 8 89 71 86
    74 1080 55 59 11 88 10 8 5 93 85 108 11 103 68 120 53 928 118 143 23
    182 11 9 9 96 10 14 1 12 12 18 7 77 109 106 14 97 10 9 10 92 79 93 3
    53 47 101 46 415 495 642 121 1364 68 81 68 1377 99 131 13 130 96 150
    81 1289 71 79 18 110 7 14 11 135 80 125 17 138 102 189 114 1686 1234
    1312 159 1362 109 114 103 993 103 82 8 78 95 134 64 684 1158 1322
    107 986 82 122 93 976 1087 1185 75 667 887 1618 473 6361</data></Vector>
</opencv_storage>
