<?xml version="1.0"?>
<opencv_storage>
<Vector type_id="opencv-matrix">
  <rows>256</rows>
  <cols>1</cols>
  <dt>i</dt>
  <data>
    169 15 81 60 20 1 46 59 47 5 15 6 41 3 86 90 17 0 4 4 0 0 3 3 28 5 9
    7 44 5 71 87 75 9 25 20 11 0 14 8 10 0 2 1 11 0 6 9 56 3 8 8 8 2 6 8
    72 3 7 5 72 13 72 50 13 3 7 3 2 0 2 3 5 0 2 1 4 2 7 5 2 0 1 2 0 0 1
    1 1 0 0 1 7 0 7 7 47 5 10 5 3 0 8 10 4 0 1 0 7 0 7 4 57 2 4 3 4 0 6
    6 55 7 12 3 58 12 50 57 36 34 11 64 3 3 6 71 5 4 0 8 6 6 7 91 3 3 0
    7 0 0 1 6 6 10 1 10 6 14 7 70 8 9 2 12 1 1 1 7 0 2 0 0 1 0 0 2 5 6 0
    8 1 0 1 4 2 11 0 2 5 4 3 36 28 42 7 58 0 8 5 71 6 10 1 4 4 10 10 82
    3 3 0 7 0 0 1 3 4 10 0 10 5 15 5 110 63 67 7 57 7 5 6 48 6 3 2 5 7 8
    4 38 50 49 4 54 7 10 6 48 64 64 3 22 70 103 38 395</data></Vector>
</opencv_storage>
