<?xml version="1.0"?>
<opencv_storage>
<Vector type_id="opencv-matrix">
  <rows>256</rows>
  <cols>1</cols>
  <dt>i</dt>
  <data>
    2933 249 1429 926 220 33 713 966 749 79 149 129 491 40 1170 1283 190
    21 80 52 21 4 42 49 492 53 104 114 447 72 913 1087 1454 121 442 232
    88 13 220 158 184 10 21 20 131 20 172 132 784 69 206 154 45 7 94 112
    1113 115 187 130 978 106 1050 1039 276 41 131 66 34 6 87 65 86 14 12
    12 71 13 136 108 39 3 12 9 4 3 11 15 64 10 24 13 62 12 98 140 1104
    70 255 167 80 11 186 146 130 23 24 20 119 6 124 111 1186 63 181 153
    52 13 123 115 1567 142 119 147 1189 151 965 1128 821 658 194 1675 87
    59 127 1707 169 149 20 141 113 114 110 1646 62 61 14 120 13 6 13 120
    113 131 12 125 116 131 79 1385 179 154 26 243 18 15 25 143 25 21 5 5
    16 25 10 99 111 122 14 157 12 12 22 105 122 133 12 80 87 128 60 698
    718 1031 184 2255 75 89 134 1812 139 145 16 144 127 170 139 1614 76
    92 16 184 9 11 17 157 104 178 28 196 151 246 135 2190 1858 2423 231
    2418 139 132 128 1364 140 156 12 104 113 154 94 897 1914 2065 158
    1566 98 159 117 1413 2025 1832 128 935 1420 2223 691 9466</data></Vector>
</opencv_storage>
