<?xml version="1.0"?>
<opencv_storage>
<Vector type_id="opencv-matrix">
  <rows>256</rows>
  <cols>1</cols>
  <dt>i</dt>
  <data>
    3231 382 1146 561 392 87 620 678 805 106 183 134 582 96 870 970 396
    51 144 86 62 12 84 79 568 75 185 165 486 77 858 934 1030 132 202 140
    172 48 173 162 161 24 21 17 169 39 128 139 595 92 128 127 68 23 96
    116 848 122 130 139 874 194 841 943 328 61 128 82 48 15 98 78 115 22
    23 31 82 15 140 124 64 9 30 21 14 6 27 22 102 18 36 19 80 17 206 150
    516 65 145 83 84 20 109 120 115 28 24 31 138 28 116 159 520 80 130
    116 62 26 119 138 840 115 134 129 931 159 888 1137 689 517 153 869
    130 103 146 1000 158 118 34 118 134 130 146 994 114 75 22 129 21 22
    23 145 128 94 33 141 104 115 135 1000 173 136 29 120 31 33 20 155 29
    24 6 14 26 48 26 142 135 115 17 119 17 23 30 160 110 135 19 91 126
    225 104 864 467 376 171 741 88 80 138 848 88 101 24 108 111 108 140
    1014 77 64 47 158 24 20 17 152 119 109 51 158 105 132 188 1551 666
    592 104 621 130 152 108 849 95 103 19 108 161 183 106 787 720 658
    112 722 134 137 129 1081 870 858 143 657 854 1357 797 7196</data></Vector>
</opencv_storage>
