<?xml version="1.0"?>
<opencv_storage>
<Vector type_id="opencv-matrix">
  <rows>256</rows>
  <cols>1</cols>
  <dt>i</dt>
  <data>
    84 9 25 10 5 0 15 10 19 2 4 4 18 2 25 18 11 0 5 1 2 1 3 0 24 1 3 5
    21 5 31 24 34 4 13 3 3 0 6 3 2 2 2 1 7 1 0 4 12 1 6 1 1 1 7 6 18 0 7
    2 30 4 29 24 6 2 1 2 0 1 3 2 0 0 0 1 1 1 3 3 1 0 0 0 0 0 2 0 3 0 2 0
    2 0 2 4 12 0 1 5 1 0 2 1 2 2 2 1 3 1 3 2 15 2 2 1 2 0 3 3 16 2 7 2
    25 4 30 27 16 12 6 9 0 1 0 12 1 1 1 4 1 3 3 27 4 2 0 4 0 0 0 0 1 5 0
    1 5 9 2 15 6 1 0 2 0 0 1 1 0 0 0 0 0 0 1 2 4 2 0 4 1 0 0 3 2 1 0 3 4
    6 3 18 7 7 2 10 2 4 0 16 3 1 2 4 3 5 2 18 2 2 1 2 2 0 1 2 4 2 0 2 5
    7 4 41 19 22 4 10 2 2 2 12 2 3 0 0 3 4 3 7 13 16 2 21 2 4 1 19 17 21
    4 13 17 40 21 151</data></Vector>
</opencv_storage>
