<?xml version="1.0"?>
<opencv_storage>
<Vector type_id="opencv-matrix">
  <rows>256</rows>
  <cols>1</cols>
  <dt>i</dt>
  <data>
    517 56 282 158 42 10 140 148 107 9 21 25 90 8 215 284 50 5 12 12 3 1
    5 9 98 15 20 19 122 8 206 226 278 15 79 48 15 1 27 27 20 5 6 3 21 4
    23 19 151 17 33 21 14 0 26 17 173 17 27 16 164 18 175 163 31 5 18 13
    7 0 16 5 13 2 2 2 9 2 17 16 5 2 1 3 0 0 3 0 16 2 3 1 20 3 19 29 180
    10 36 16 8 2 29 17 17 1 1 4 16 3 17 18 164 10 29 20 4 3 21 14 165 15
    22 18 166 21 143 124 115 103 25 177 10 8 21 167 15 14 1 18 16 19 17
    225 14 19 3 12 0 3 1 18 21 15 1 9 22 48 15 190 45 26 6 23 3 4 2 15 2
    1 0 0 1 2 1 7 15 10 3 21 1 1 1 20 12 19 3 8 18 18 13 100 90 131 18
    189 11 17 22 201 22 13 3 11 21 31 13 217 16 24 4 27 0 2 2 27 18 33 1
    33 24 56 17 331 268 271 35 210 19 20 23 162 21 22 6 7 16 26 12 110
    244 307 24 183 17 35 18 161 190 234 10 119 216 345 101 1173</data></Vector>
</opencv_storage>
