<?xml version="1.0"?>
<opencv_storage>
<Vector type_id="opencv-matrix">
  <rows>256</rows>
  <cols>1</cols>
  <dt>i</dt>
  <data>
    1440 115 545 353 139 15 407 395 337 26 74 46 270 32 450 415 133 7 55
    26 17 4 46 28 298 25 61 46 304 62 443 443 612 52 150 79 50 10 83 80
    80 5 24 7 70 8 70 49 492 42 99 59 31 4 57 53 631 41 68 49 509 66 481
    389 124 14 40 25 15 2 31 25 24 0 2 5 32 5 52 48 25 2 3 8 6 2 3 5 45
    6 10 5 39 10 64 79 373 21 63 56 38 3 56 46 59 3 12 15 50 4 39 41 500
    31 68 42 36 3 50 53 802 60 61 47 695 86 413 402 331 259 67 511 40 35
    48 647 53 32 7 42 42 38 48 560 32 42 8 47 7 2 6 49 52 44 4 45 70 73
    54 549 76 45 12 68 5 10 7 51 6 3 1 7 5 7 7 37 59 42 3 39 8 10 9 45
    64 39 8 24 57 59 39 253 231 251 63 418 27 46 44 545 50 65 9 33 64 53
    39 521 30 34 5 58 4 11 8 70 64 66 11 60 65 119 75 734 406 333 57 367
    41 46 42 348 38 19 5 23 46 67 41 250 501 443 60 362 47 60 36 387 658
    497 45 244 636 757 319 2775</data></Vector>
</opencv_storage>
