<?xml version="1.0"?>
<opencv_storage>
<Vector type_id="opencv-matrix">
  <rows>256</rows>
  <cols>1</cols>
  <dt>i</dt>
  <data>
    1436 170 480 312 131 23 221 231 269 34 71 46 199 17 260 239 129 25
    50 43 20 4 31 20 205 40 56 52 149 32 233 270 464 83 96 91 38 7 60 43
    82 6 11 8 48 12 51 38 224 24 47 51 23 7 46 43 265 49 37 44 288 46
    246 275 163 35 60 46 13 4 42 41 49 12 15 13 20 8 51 41 30 5 9 5 5 6
    5 5 24 6 9 5 24 5 44 55 263 53 71 60 41 13 61 49 45 8 9 15 40 14 48
    49 231 34 38 52 36 8 39 60 265 45 51 54 292 51 276 372 349 299 90
    498 36 32 44 321 46 49 6 39 56 47 30 318 34 36 11 55 6 6 11 42 35 50
    8 44 48 60 28 304 67 88 18 88 11 10 8 68 10 17 2 6 9 9 6 51 53 44 13
    51 7 7 9 56 44 54 7 46 39 64 37 229 284 464 82 846 36 43 57 495 46
    73 11 81 57 73 40 462 29 50 12 76 11 12 10 66 45 60 13 71 45 96 62
    699 437 627 71 766 59 66 44 485 40 64 9 64 45 70 30 320 360 458 61
    368 28 84 58 490 324 408 47 311 334 638 231 2901</data></Vector>
</opencv_storage>
