<?xml version="1.0"?>
<opencv_storage>
<Vector type_id="opencv-matrix">
  <rows>256</rows>
  <cols>1</cols>
  <dt>i</dt>
  <data>
    306 38 130 109 32 5 100 116 82 9 21 17 50 6 129 155 25 3 8 4 7 0 10
    6 65 6 8 12 70 7 103 111 124 12 30 12 8 1 23 13 29 2 2 4 11 3 16 17
    94 7 16 16 10 0 8 14 151 15 18 20 110 17 97 95 33 2 7 7 2 0 11 6 9 1
    2 0 11 2 16 11 7 1 2 0 1 0 0 1 11 0 2 1 5 3 11 10 98 8 16 11 6 0 16
    13 14 1 2 3 10 1 7 7 141 6 19 16 6 4 16 10 211 12 14 15 154 15 90
    107 89 61 13 140 6 8 17 183 15 9 4 12 8 13 13 164 10 11 1 9 1 0 0 7
    11 8 3 16 6 15 7 140 15 14 3 20 1 2 3 10 1 2 0 0 2 1 0 15 19 15 2 11
    3 1 3 10 13 11 1 5 13 14 11 53 69 62 16 104 5 10 11 185 18 13 0 6 15
    16 11 148 9 10 2 18 1 1 2 15 17 14 4 19 20 21 16 194 135 118 12 106
    9 13 11 115 12 10 1 9 17 17 8 66 178 137 9 99 14 14 16 107 179 138 8
    57 144 170 60 764</data></Vector>
</opencv_storage>
