<?xml version="1.0"?>
<opencv_storage>
<Vector type_id="opencv-matrix">
  <rows>256</rows>
  <cols>1</cols>
  <dt>i</dt>
  <data>
    6694 771 2546 1391 728 144 1368 1308 1315 212 415 236 906 207 1597
    1674 652 104 264 186 113 25 143 159 875 138 286 212 874 181 1361
    1634 2333 274 642 362 233 59 354 329 302 37 64 53 246 54 270 265
    1175 178 330 244 135 38 195 203 1233 211 255 199 1115 240 1196 1322
    678 87 237 159 94 27 155 171 182 36 47 50 135 35 195 256 107 21 43
    31 24 10 34 44 153 43 52 48 159 63 268 381 1089 154 332 238 153 46
    257 221 209 30 53 52 185 43 219 259 906 154 232 198 128 49 186 211
    1220 182 215 237 1261 274 1268 1709 1354 1033 361 1639 205 187 261
    1685 249 231 46 200 221 253 208 1638 176 167 49 186 37 32 41 248 203
    207 34 198 227 313 208 1874 371 372 74 303 44 59 42 237 58 41 18 48
    44 71 31 224 234 213 42 225 43 48 56 210 166 194 39 154 191 301 168
    1203 926 970 292 1423 170 236 218 1679 201 225 34 200 208 307 220
    1915 142 190 41 252 34 62 45 335 201 238 52 319 282 468 300 3355
    1404 1479 260 1393 173 288 244 1454 151 229 42 170 236 325 161 1284
    1298 1461 249 1319 220 348 223 1840 1176 1536 178 1149 1428 2964
    1100 12594</data></Vector>
</opencv_storage>
