<?xml version="1.0"?>
<opencv_storage>
<Vector type_id="opencv-matrix">
  <rows>256</rows>
  <cols>1</cols>
  <dt>i</dt>
  <data>
    475 76 196 147 40 11 109 114 94 15 28 23 68 15 108 142 29 7 16 11 10
    0 9 14 54 5 17 15 37 10 94 124 173 16 52 39 19 4 22 23 19 1 3 4 21 6
    21 26 84 10 20 17 5 2 8 10 97 12 12 23 65 15 77 107 57 11 27 15 4 2
    9 10 14 2 4 5 16 2 17 19 8 3 4 4 0 0 2 2 11 2 6 7 6 0 14 24 107 13
    34 19 7 6 16 27 16 2 3 2 11 3 20 18 89 7 33 15 6 2 13 20 101 9 10 18
    88 14 104 119 117 94 37 155 10 14 16 180 20 22 5 22 11 16 17 156 12
    12 1 22 1 1 3 16 14 14 6 15 15 27 18 122 35 24 7 27 4 1 3 28 0 4 0 4
    1 4 2 19 14 24 3 15 2 2 2 15 13 21 3 9 4 22 6 96 83 90 29 131 12 15
    15 176 24 21 7 18 18 21 11 212 16 16 2 17 1 6 5 21 12 24 2 25 22 32
    21 246 127 162 22 156 11 19 23 163 16 19 0 8 11 29 14 125 132 157 25
    157 13 19 15 160 117 147 15 113 111 222 85 1046</data></Vector>
</opencv_storage>
