<?xml version="1.0"?>
<opencv_storage>
<Vector type_id="opencv-matrix">
  <rows>256</rows>
  <cols>1</cols>
  <dt>i</dt>
  <data>
    377 39 198 186 38 7 104 183 98 9 20 21 73 5 172 222 31 4 9 11 1 1 4
    9 59 8 19 15 41 10 88 170 191 12 64 33 11 1 28 22 27 3 6 2 17 3 16 7
    118 11 26 27 5 0 11 17 187 22 16 13 110 14 110 115 58 5 19 6 5 1 14
    6 8 2 1 2 10 2 20 19 7 0 5 0 0 0 1 0 11 0 1 1 8 1 9 17 169 9 34 16
    18 2 21 18 29 1 0 2 19 3 15 14 153 9 26 24 10 0 15 15 352 23 22 28
    211 13 108 140 135 111 22 301 5 8 24 448 22 18 2 21 19 16 23 328 9
    11 2 23 0 0 1 10 19 17 1 15 10 17 8 194 33 20 1 34 0 3 1 27 0 1 0 1
    1 3 1 13 15 21 2 24 0 1 1 20 13 26 3 16 13 18 2 91 108 137 34 266 9
    11 25 355 23 21 3 22 17 21 25 286 7 20 3 25 2 2 4 30 18 21 3 29 20
    39 25 302 240 251 37 273 10 27 21 212 13 19 2 11 22 37 13 146 294
    252 19 228 15 13 16 208 287 250 9 142 193 310 83 1202</data></Vector>
</opencv_storage>
