<?xml version="1.0"?>
<opencv_storage>
<Vector type_id="opencv-matrix">
  <rows>256</rows>
  <cols>1</cols>
  <dt>i</dt>
  <data>
    161 22 70 60 11 5 50 62 28 3 6 2 29 4 52 65 17 3 4 3 1 0 2 7 20 6 4
    3 29 2 39 56 73 3 29 15 7 1 10 3 8 0 2 0 11 1 9 5 57 2 13 7 2 0 9 4
    79 5 10 3 63 7 47 45 10 2 7 3 0 0 4 2 2 0 0 0 4 1 4 7 3 0 0 0 0 0 0
    0 2 0 2 2 5 0 4 9 47 2 11 5 3 0 7 11 2 0 1 0 8 0 8 3 55 3 5 9 6 0 4
    2 101 6 7 8 92 10 49 40 24 23 11 66 3 2 2 115 3 3 1 3 4 8 5 91 2 4 0
    7 0 0 3 2 5 6 1 6 7 7 0 73 14 8 0 6 0 2 0 6 0 1 0 0 0 0 1 2 4 5 0 1
    0 0 0 1 5 11 0 8 4 7 0 31 22 32 9 49 5 3 2 80 8 9 4 3 8 9 3 90 5 1 0
    5 0 2 2 5 4 15 1 4 6 17 5 93 49 44 7 54 5 7 5 43 4 9 0 3 8 4 2 21 42
    67 8 44 5 3 6 43 73 70 1 24 79 94 31 366</data></Vector>
</opencv_storage>
