<?xml version="1.0"?>
<opencv_storage>
<Vector type_id="opencv-matrix">
  <rows>256</rows>
  <cols>1</cols>
  <dt>i</dt>
  <data>
    3903 321 2115 1226 260 27 1086 1175 879 82 205 170 586 70 1685 1867
    277 39 127 111 32 4 47 53 647 96 185 157 767 74 1566 1694 2369 176
    823 396 147 22 305 231 256 17 36 22 219 23 251 155 1221 106 322 221
    58 13 152 131 2068 150 292 193 2122 154 2210 1457 376 44 197 86 28
    10 87 83 113 21 22 20 87 8 163 131 49 4 30 12 7 3 8 8 88 12 20 17 82
    14 165 154 1680 118 425 240 127 17 226 159 185 17 25 26 159 19 193
    157 1671 91 292 191 92 17 162 157 2303 149 172 179 2236 184 1601
    1558 1161 874 302 2372 78 57 152 1879 217 156 26 177 136 149 124
    2192 93 84 22 168 11 4 14 132 149 190 6 205 160 177 131 1849 289 272
    42 367 19 25 20 162 33 30 1 17 17 38 15 121 165 182 24 215 19 12 22
    129 183 194 9 142 143 177 84 987 986 1611 294 3334 103 104 189 2566
    180 262 18 206 194 226 190 2427 75 152 40 246 12 21 20 194 173 265
    43 273 199 375 216 3275 3358 4755 413 4485 188 214 250 2140 195 207
    17 158 192 266 141 1199 3218 3876 236 2649 151 226 185 1995 2959
    3292 146 1564 2417 3872 1156 14981</data></Vector>
</opencv_storage>
