<?xml version="1.0"?>
<opencv_storage>
<Vector type_id="opencv-matrix">
  <rows>256</rows>
  <cols>1</cols>
  <dt>i</dt>
  <data>
    3533 430 1222 826 351 74 531 604 659 96 155 137 410 81 548 590 364
    71 113 77 50 19 70 52 460 73 124 111 376 81 536 588 1181 150 257 176
    118 34 148 152 157 25 43 33 132 33 128 119 680 106 161 132 58 13 87
    87 763 102 133 130 637 141 564 579 397 71 159 84 72 19 83 75 102 25
    22 21 72 19 103 122 77 8 27 27 24 6 17 30 77 26 27 18 89 29 132 157
    688 110 165 123 99 18 123 137 118 21 26 41 105 27 111 127 617 84 155
    128 83 14 97 121 950 127 107 124 886 153 642 849 782 623 207 1058 92
    94 104 809 150 119 30 106 90 109 113 724 86 87 26 105 13 26 19 117
    90 93 21 121 102 125 88 752 172 180 39 164 22 34 28 140 27 26 11 28
    23 30 15 92 122 109 26 119 22 17 35 114 88 113 17 99 101 148 78 567
    590 645 165 1174 83 123 133 1095 121 141 21 140 121 161 127 1043 94
    107 30 161 18 39 24 189 114 143 37 183 137 213 153 1570 847 884 153
    897 117 186 110 947 127 129 20 117 124 178 90 789 861 955 136 860
    120 170 120 1028 860 996 118 698 865 1524 568 6460</data></Vector>
</opencv_storage>
