<?xml version="1.0"?>
<opencv_storage>
<Vector type_id="opencv-matrix">
  <rows>256</rows>
  <cols>1</cols>
  <dt>i</dt>
  <data>
    309 23 226 117 12 2 144 156 77 11 27 12 57 2 207 200 34 1 12 11 3 0
    4 4 56 3 23 20 91 7 198 240 231 8 89 46 8 0 43 26 19 0 4 2 16 1 34
    20 140 11 39 34 9 1 17 12 209 12 35 15 163 5 224 153 19 1 6 7 3 0 4
    7 4 0 0 1 3 1 14 14 3 0 0 0 0 0 1 1 8 1 1 0 9 1 18 13 174 4 41 11 6
    0 19 21 15 0 1 1 10 1 11 7 231 10 32 14 3 1 20 8 318 14 21 12 215 8
    165 106 82 65 26 191 3 4 14 232 20 16 0 17 9 16 11 257 3 5 0 8 1 0 0
    10 16 15 2 21 17 21 4 236 21 13 5 35 2 0 3 17 2 0 0 2 0 3 0 5 14 20
    2 17 0 1 1 10 12 12 1 11 8 13 5 55 81 122 16 204 4 6 8 199 11 17 2 8
    11 17 10 244 4 16 2 9 1 1 0 14 15 36 0 13 15 50 19 349 307 330 42
    268 14 21 20 180 18 9 0 14 9 14 13 89 330 356 18 214 11 17 7 133 381
    312 8 93 262 383 89 1253</data></Vector>
</opencv_storage>
