<?xml version="1.0"?>
<opencv_storage>
<Vector type_id="opencv-matrix">
  <rows>256</rows>
  <cols>1</cols>
  <dt>i</dt>
  <data>
    6349 447 3649 1985 442 46 1828 1761 1698 130 383 277 1072 89 2889
    2754 482 50 223 158 51 9 103 84 1114 142 317 286 1350 160 2787 2943
    3998 280 1500 672 263 18 611 394 438 34 84 43 324 21 562 282 2110
    162 658 387 121 14 287 294 3282 281 586 329 2999 283 3706 2672 533
    54 254 119 54 11 159 128 169 23 34 28 140 17 265 247 53 7 30 14 5 0
    11 17 124 27 38 17 186 27 281 270 2296 129 776 380 175 21 430 296
    297 36 62 46 269 22 346 265 2316 139 484 260 137 16 307 299 3244 253
    353 279 3242 296 2902 2882 1795 1257 434 3588 151 92 256 2828 401
    321 43 299 277 219 271 3235 175 155 27 297 17 13 22 188 298 343 29
    357 307 377 219 3458 520 372 83 534 23 27 44 297 50 38 4 36 22 37 27
    211 301 253 47 338 24 26 33 236 310 341 27 247 247 368 182 1737 1320
    1802 378 4049 135 162 285 3503 305 357 48 291 319 394 279 3862 154
    183 36 321 16 30 19 328 263 444 38 383 356 757 349 5732 4124 4628
    613 5187 291 303 378 3245 315 294 27 200 292 420 243 2084 4151 4385
    371 3482 243 305 313 3287 4382 4527 259 2203 4058 6497 1920 26961</data></Vector>
</opencv_storage>
