<?xml version="1.0"?>
<opencv_storage>
<Vector type_id="opencv-matrix">
  <rows>256</rows>
  <cols>1</cols>
  <dt>i</dt>
  <data>
    766 62 394 241 59 13 232 252 160 16 47 29 140 19 398 367 83 18 27 19
    1 0 9 15 155 20 43 31 184 24 396 433 357 27 102 44 27 0 56 47 34 1 6
    4 38 8 35 24 237 20 54 34 17 5 40 26 326 30 49 33 308 37 345 280 62
    7 20 12 8 1 11 18 14 1 1 5 17 1 35 23 8 1 2 4 0 0 1 1 14 2 5 3 20 2
    44 39 265 8 61 34 15 0 34 26 26 3 5 3 23 0 34 23 263 15 37 26 16 3
    28 27 331 18 28 20 331 31 269 212 175 141 28 298 13 11 22 286 29 27
    4 23 15 21 29 323 12 24 5 19 1 4 3 25 31 40 4 37 32 41 24 362 43 42
    10 36 5 1 5 24 4 5 0 2 5 4 1 18 34 31 2 27 3 4 4 20 29 29 0 13 27 36
    8 149 137 175 41 246 16 18 17 262 23 30 1 19 40 40 37 364 19 25 3 27
    2 2 1 30 27 50 4 36 39 68 34 535 350 305 57 262 32 31 21 239 28 26 1
    13 42 33 25 174 395 387 37 249 33 35 24 234 367 337 19 146 379 450
    158 1760</data></Vector>
</opencv_storage>
