<?xml version="1.0"?>
<opencv_storage>
<Vector type_id="opencv-matrix">
  <rows>256</rows>
  <cols>1</cols>
  <dt>i</dt>
  <data>
    815 68 468 334 66 5 336 453 238 23 62 44 188 21 670 837 64 3 27 22 3
    0 20 14 194 21 51 35 208 30 596 795 468 31 136 79 20 2 105 48 48 3
    13 8 42 2 71 41 298 16 61 46 11 1 34 41 502 41 61 42 432 29 578 504
    75 8 26 15 6 1 25 21 23 3 4 3 18 3 40 34 10 0 0 2 0 1 0 2 9 0 4 2 15
    2 29 43 424 16 99 46 17 1 56 40 45 3 10 3 31 2 49 37 494 20 82 41 23
    0 40 21 630 30 50 34 575 46 472 371 246 171 51 581 21 18 33 613 38
    41 8 45 31 37 57 842 23 27 1 44 0 0 4 30 44 59 4 47 37 48 40 743 69
    52 14 71 1 3 4 42 3 3 0 3 2 0 2 37 30 48 7 40 2 0 2 30 45 48 4 27 31
    44 18 264 268 348 49 663 10 36 23 617 45 61 4 52 39 49 37 689 17 32
    7 33 3 1 2 39 39 56 2 39 39 75 32 785 1142 1238 78 914 42 45 45 506
    55 41 6 33 47 38 27 287 1362 1434 67 658 39 50 44 457 980 897 30 315
    618 801 280 3290</data></Vector>
</opencv_storage>
