<?xml version="1.0"?>
<opencv_storage>
<Vector type_id="opencv-matrix">
  <rows>256</rows>
  <cols>1</cols>
  <dt>i</dt>
  <data>
    329 36 188 111 23 4 117 169 76 9 20 8 74 5 166 227 36 2 9 7 3 0 5 7
    51 6 23 12 72 8 139 183 142 11 49 25 10 1 22 17 13 1 2 1 14 3 15 11
    92 6 24 7 10 0 18 8 99 8 16 15 112 12 114 104 35 8 10 8 2 0 6 11 7 1
    0 2 3 0 12 9 2 1 2 1 0 0 1 2 4 0 0 2 8 3 16 8 90 5 18 12 8 1 15 19
    12 1 3 3 8 0 10 8 106 9 12 12 6 1 13 16 91 11 14 7 87 8 98 80 69 58
    20 137 9 7 15 158 9 12 1 12 9 20 12 209 6 5 0 9 0 1 1 8 14 8 1 9 12
    22 9 161 20 19 3 20 0 2 3 17 5 1 0 0 0 1 1 10 12 15 4 14 0 1 4 13 7
    11 1 7 12 15 8 70 79 78 14 123 8 11 12 136 6 10 0 8 10 25 9 141 3 9
    0 16 4 3 1 17 10 26 0 19 21 36 15 260 137 154 20 135 7 19 11 112 12
    17 0 7 11 14 7 75 174 167 17 105 12 17 5 86 146 135 9 53 104 207 67
    690</data></Vector>
</opencv_storage>
