<?xml version="1.0"?>
<opencv_storage>
<Vector type_id="opencv-matrix">
  <rows>256</rows>
  <cols>1</cols>
  <dt>i</dt>
  <data>
    10140 943 4569 2608 888 133 2411 2411 2006 238 544 336 1591 251 2994
    2935 909 105 367 232 118 24 221 199 1592 195 445 317 1817 259 2960
    3098 4550 365 1232 696 333 59 630 497 535 48 92 58 416 54 476 373
    2535 230 667 446 233 37 413 332 3174 292 512 375 2876 396 2827 2432
    873 130 372 214 108 28 240 220 232 29 60 42 221 43 286 298 131 32 46
    47 21 10 27 42 234 37 59 51 280 64 396 495 2441 211 676 396 193 31
    401 283 354 43 49 64 286 38 324 302 2381 211 435 366 206 45 338 313
    3169 366 352 317 3193 451 2530 2766 2094 1750 543 3301 220 233 355
    3145 331 357 65 307 361 380 281 3121 229 197 39 310 37 37 40 336 319
    356 53 317 407 532 288 3402 567 459 103 487 38 52 48 397 45 55 9 35
    35 59 32 264 293 304 71 347 54 50 50 331 276 313 37 206 303 410 203
    1732 1736 1933 446 2994 201 293 316 3346 350 403 40 315 360 530 348
    3600 200 278 50 418 38 55 32 500 347 478 62 442 542 895 485 5933
    3125 3162 484 3030 319 481 311 2800 298 312 40 236 344 451 207 1932
    2892 3174 334 2568 322 431 323 2936 3129 3474 275 1887 3491 5860
    1746 20986</data></Vector>
</opencv_storage>
