<?xml version="1.0"?>
<opencv_storage>
<Vector type_id="opencv-matrix">
  <rows>256</rows>
  <cols>1</cols>
  <dt>i</dt>
  <data>
    733 72 487 360 65 3 263 324 152 15 39 38 174 18 468 428 61 5 19 27 5
    1 13 11 139 13 40 27 294 33 586 488 430 33 126 94 29 4 76 43 50 2 7
    6 51 1 57 36 225 25 76 45 17 1 34 29 554 32 61 37 745 33 622 348 74
    11 33 20 3 1 18 21 18 1 2 1 29 3 27 31 7 0 1 2 0 1 0 0 19 3 1 4 19 0
    30 27 374 22 81 59 20 0 39 24 33 1 5 3 37 1 31 32 351 16 33 35 16 1
    24 23 611 21 37 33 586 35 348 297 200 243 62 731 9 17 42 671 22 29 4
    35 25 26 30 519 12 15 1 46 1 1 2 30 29 27 1 35 33 43 30 476 48 53 5
    74 3 8 2 40 2 4 0 2 0 4 2 11 27 25 9 52 0 0 4 33 28 32 1 23 23 33 12
    223 233 512 62 1273 28 28 25 898 29 58 1 42 39 72 33 656 11 24 1 42
    1 8 2 45 24 40 6 45 37 63 39 679 706 1203 71 1249 26 50 39 546 32 38
    0 46 45 41 17 277 504 740 36 539 22 42 24 341 583 614 28 261 475 661
    211 2544</data></Vector>
</opencv_storage>
