<?xml version="1.0"?>
<opencv_storage>
<Vector type_id="opencv-matrix">
  <rows>256</rows>
  <cols>1</cols>
  <dt>i</dt>
  <data>
    1046 106 508 301 92 10 310 377 243 22 57 42 223 24 435 442 103 10 33
    21 9 3 24 25 186 25 59 33 219 32 327 396 501 30 129 76 39 7 60 54 63
    6 7 6 50 5 48 40 308 29 61 50 27 2 37 30 509 29 50 50 436 45 365 325
    85 13 38 27 9 1 19 31 33 3 3 4 29 5 33 32 12 0 1 3 1 1 3 4 30 2 3 6
    30 6 39 44 357 24 83 46 19 2 45 51 57 6 5 5 53 5 43 42 380 14 64 47
    20 4 47 36 528 41 42 32 507 61 344 339 243 200 75 483 25 19 60 575
    41 24 4 26 37 45 42 485 29 25 5 39 3 3 6 49 43 48 3 41 41 54 37 486
    52 47 7 65 2 9 9 48 10 2 2 4 4 4 6 26 39 44 2 35 5 6 5 32 42 36 2 22
    24 48 17 189 242 258 65 499 18 27 50 577 49 42 3 31 46 68 36 427 29
    29 5 41 4 7 1 48 47 54 4 43 57 92 32 717 463 440 58 406 43 58 36 330
    41 30 2 26 40 38 19 206 444 508 49 367 39 50 39 369 574 496 26 246
    453 699 198 2434</data></Vector>
</opencv_storage>
