<?xml version="1.0"?>
<opencv_storage>
<Vector type_id="opencv-matrix">
  <rows>256</rows>
  <cols>1</cols>
  <dt>i</dt>
  <data>
    481 42 365 276 40 4 248 391 127 11 31 23 125 3 410 490 39 6 14 8 4 0
    9 12 119 14 33 29 164 12 386 439 328 21 110 55 15 1 67 39 28 2 8 3
    25 0 52 25 210 13 58 31 10 1 29 25 377 21 41 29 390 17 410 253 41 4
    17 3 1 2 16 16 3 1 1 2 8 0 14 19 5 0 0 0 0 0 1 2 5 1 1 0 13 3 21 19
    248 12 51 28 12 0 30 17 19 2 2 3 23 0 27 18 372 10 33 23 10 2 19 12
    527 17 22 22 406 17 265 206 130 132 34 414 8 6 28 511 21 16 0 30 25
    16 20 589 6 14 3 16 0 0 0 19 17 38 2 18 25 34 12 483 42 23 5 65 2 1
    2 21 2 1 0 0 3 1 1 14 25 17 1 24 2 0 1 22 27 21 1 12 24 21 5 142 120
    163 36 403 6 13 26 502 21 34 0 16 26 23 24 486 8 18 0 24 2 1 0 19 25
    40 0 26 29 51 26 553 394 389 30 367 14 28 30 291 28 23 4 6 21 32 16
    147 450 426 29 274 15 22 15 202 573 402 12 135 407 542 146 1823</data></Vector>
</opencv_storage>
