<?xml version="1.0"?>
<opencv_storage>
<Vector type_id="opencv-matrix">
  <rows>256</rows>
  <cols>1</cols>
  <dt>i</dt>
  <data>
    798 72 563 325 73 4 405 492 184 17 66 47 190 20 640 685 59 7 28 25 5
    0 16 13 163 11 45 31 257 35 675 702 436 32 173 71 35 2 95 68 64 0 11
    1 43 2 66 50 304 19 75 37 11 1 46 47 420 24 65 28 459 24 605 472 47
    4 22 12 3 0 24 24 15 3 4 0 13 2 28 29 6 0 4 1 0 0 1 1 6 1 2 1 16 1
    35 29 228 14 55 37 22 1 52 44 23 3 4 3 29 2 44 30 313 14 46 27 9 2
    39 39 446 15 37 34 436 43 384 320 182 183 53 537 20 18 40 640 42 31
    5 33 36 51 47 791 14 21 2 19 1 3 3 33 32 39 1 33 48 45 35 741 43 44
    6 81 3 4 5 46 5 2 0 2 4 5 2 29 26 24 6 26 3 2 2 38 33 29 4 25 20 53
    29 246 190 218 37 486 19 26 28 569 22 39 2 34 32 57 42 584 15 20 1
    35 2 1 2 38 32 42 3 42 42 79 42 849 400 373 49 465 30 33 40 361 40
    24 1 14 40 37 22 243 420 375 42 321 19 23 28 307 468 431 23 180 457
    634 212 2680</data></Vector>
</opencv_storage>
