<?xml version="1.0"?>
<opencv_storage>
<Vector type_id="opencv-matrix">
  <rows>256</rows>
  <cols>1</cols>
  <dt>i</dt>
  <data>
    378 20 147 77 27 3 94 50 65 10 24 9 71 7 127 73 28 4 10 7 6 1 5 8 57
    7 21 13 75 10 102 113 181 13 39 22 20 0 23 16 19 3 4 2 27 1 25 9 99
    13 21 8 5 0 12 17 113 15 32 13 118 15 136 88 27 4 9 7 5 0 7 4 12 0 3
    3 7 1 8 11 7 3 2 1 2 0 1 1 7 0 3 1 16 5 15 21 111 3 26 15 11 1 15 11
    13 2 0 1 9 2 20 13 108 6 24 12 6 3 12 5 111 11 19 8 118 28 71 96 55
    52 22 79 3 6 7 55 4 10 1 8 14 13 11 72 5 11 0 6 3 2 3 12 10 10 2 12
    12 22 12 122 20 12 3 17 1 1 3 8 1 7 0 2 1 1 1 7 12 8 3 8 1 1 3 10 12
    9 3 5 15 19 4 63 73 56 20 104 9 8 5 75 10 10 1 6 12 13 13 88 10 12 2
    12 1 2 0 10 17 18 0 18 23 25 17 195 147 110 26 94 9 12 19 71 15 9 2
    10 8 7 5 47 134 140 20 108 13 19 8 105 137 154 14 77 135 257 90 726</data></Vector>
</opencv_storage>
