<?xml version="1.0"?>
<opencv_storage>
<Vector type_id="opencv-matrix">
  <rows>256</rows>
  <cols>1</cols>
  <dt>i</dt>
  <data>
    115 14 61 47 5 1 35 42 27 3 11 9 19 2 76 64 12 1 7 2 2 0 4 3 24 0 7
    5 30 4 82 69 45 5 16 11 5 2 10 5 4 0 1 0 9 1 6 5 42 4 10 4 2 0 2 3
    45 9 5 5 40 6 48 51 14 1 1 3 2 1 1 5 2 0 1 0 0 1 5 8 1 0 0 0 0 0 0 0
    2 0 2 2 3 0 5 6 33 1 7 4 4 0 7 5 5 1 1 0 4 1 7 6 43 3 5 3 2 1 4 2 59
    3 7 2 46 5 31 26 26 24 5 53 1 5 5 43 4 6 0 3 3 4 4 60 4 5 0 2 0 0 1
    6 4 2 1 3 5 7 2 49 7 1 0 5 1 1 1 3 0 0 0 0 2 0 0 2 7 7 0 7 0 2 0 4 9
    4 0 1 3 8 5 32 12 34 4 46 1 3 3 51 3 3 1 3 8 4 3 51 5 2 3 2 0 0 0 4
    6 7 2 4 4 7 7 90 72 79 10 59 2 9 7 44 5 6 1 2 4 5 4 34 60 55 4 38 2
    10 4 43 80 43 4 22 53 88 22 267</data></Vector>
</opencv_storage>
