<?xml version="1.0"?>
<opencv_storage>
<Vector type_id="opencv-matrix">
  <rows>256</rows>
  <cols>1</cols>
  <dt>i</dt>
  <data>
    277 26 154 110 28 4 93 86 71 1 18 12 51 6 141 131 25 1 9 7 2 1 9 8
    60 7 20 12 62 4 136 131 148 11 35 20 10 0 11 18 13 2 2 0 14 1 19 12
    102 8 13 11 10 0 10 7 132 9 19 12 133 12 129 97 18 2 15 13 4 0 8 8 8
    0 2 0 10 2 13 11 1 0 1 0 1 0 2 0 3 0 1 1 8 0 10 11 106 7 21 12 5 0
    16 13 10 0 1 0 14 1 10 9 107 7 10 10 4 0 9 10 133 15 6 16 160 16 99
    103 64 76 19 155 8 6 10 173 7 11 1 11 11 11 7 141 3 4 1 12 0 1 1 10
    7 15 0 14 17 5 6 141 14 22 0 17 0 3 2 10 3 0 0 0 2 1 1 6 13 9 2 11 0
    0 1 12 19 13 1 6 6 16 6 62 59 76 21 177 7 8 12 200 18 12 2 7 17 21
    13 155 2 5 1 9 1 4 1 19 8 19 1 10 13 24 11 192 162 135 19 171 12 16
    10 95 12 5 0 1 18 13 10 65 130 150 10 126 9 11 9 109 132 147 10 76
    166 200 59 719</data></Vector>
</opencv_storage>
