<?xml version="1.0"?>
<opencv_storage>
<Vector type_id="opencv-matrix">
  <rows>256</rows>
  <cols>1</cols>
  <dt>i</dt>
  <data>
    1457 117 602 331 201 32 419 405 346 32 89 55 333 54 705 780 129 19
    59 32 20 5 36 32 252 39 80 48 395 56 770 736 517 51 130 87 62 10 92
    78 69 8 7 9 91 9 79 75 306 38 71 44 45 12 67 58 439 38 65 47 476 71
    662 539 128 20 49 34 16 4 29 39 42 7 4 8 20 5 49 65 17 1 6 4 6 0 2 9
    24 1 5 6 41 7 65 83 304 26 83 46 34 7 64 49 41 11 8 5 44 8 55 60 310
    26 73 30 28 7 42 50 375 47 54 39 436 68 411 468 299 210 75 341 25 33
    62 395 65 40 7 42 44 54 56 524 37 27 6 57 11 8 5 49 46 54 5 63 59 80
    52 695 69 63 13 62 8 9 10 53 4 10 2 4 6 14 3 49 42 55 8 44 10 5 10
    52 52 49 12 32 53 73 38 343 193 192 53 315 34 35 42 366 44 55 6 38
    45 74 47 491 32 35 9 46 11 9 10 68 52 54 11 48 72 116 66 831 376 340
    58 326 47 50 42 329 40 41 3 37 38 58 28 251 481 387 52 326 52 67 59
    375 403 410 40 214 450 659 293 2934</data></Vector>
</opencv_storage>
