<?xml version="1.0"?>
<opencv_storage>
<Vector type_id="opencv-matrix">
  <rows>256</rows>
  <cols>1</cols>
  <dt>i</dt>
  <data>
    380 30 167 156 39 6 186 236 137 15 30 16 104 8 297 416 31 5 15 10 5
    0 8 10 87 8 22 12 128 15 261 331 179 18 47 44 10 2 25 23 25 4 3 1 24
    1 37 27 146 5 29 25 7 1 17 18 263 9 31 22 236 19 279 238 27 4 14 11
    4 0 17 9 5 2 0 1 7 0 18 13 4 0 2 0 2 0 0 3 10 0 0 0 15 1 17 20 130
    10 32 15 9 0 16 16 31 1 0 1 19 1 11 23 262 8 25 18 10 0 13 13 446 15
    26 23 306 20 208 198 116 88 21 258 10 3 27 335 39 14 4 19 24 20 19
    367 14 7 1 16 0 0 2 16 20 12 2 20 15 18 15 298 28 30 4 33 0 2 1 16 2
    1 0 0 3 1 0 20 15 11 2 27 1 0 1 17 12 24 0 11 11 19 6 139 90 112 15
    248 7 16 16 314 23 16 1 13 14 32 14 247 7 12 0 15 0 1 1 18 17 19 2
    20 20 27 23 377 266 240 37 281 11 22 15 204 25 13 0 10 13 16 16 119
    417 310 19 232 18 16 18 174 428 290 12 102 296 347 118 1263</data></Vector>
</opencv_storage>
