<?xml version="1.0"?>
<opencv_storage>
<Vector type_id="opencv-matrix">
  <rows>256</rows>
  <cols>1</cols>
  <dt>i</dt>
  <data>
    2914 256 1739 1163 260 25 1251 1693 829 89 201 141 686 54 2481 3126
    239 24 113 81 18 5 56 71 681 66 184 138 906 100 2461 2706 1484 99
    529 267 97 12 287 228 161 12 27 13 146 10 255 172 980 59 258 188 56
    6 132 145 1633 121 198 142 1610 115 2132 1635 202 24 88 54 21 2 74
    53 66 6 9 10 49 11 124 135 20 0 2 7 3 1 6 1 49 8 8 6 79 4 124 149
    865 57 259 130 51 3 152 129 126 8 23 19 98 8 183 114 1127 61 176 105
    66 3 131 125 1786 99 133 122 1661 128 1506 1427 822 643 193 2006 82
    61 155 2634 176 162 19 145 147 135 152 2946 57 65 9 90 11 9 14 136
    130 143 9 161 149 190 123 2453 200 160 33 241 10 12 13 178 11 15 2
    10 14 10 3 102 150 128 10 137 16 8 18 132 128 147 17 95 108 173 81
    941 488 787 123 1658 51 99 112 2134 124 134 8 114 112 179 135 2225
    58 78 12 93 8 8 7 129 113 160 11 127 165 266 150 2809 1633 1750 221
    1860 129 122 146 1484 114 105 11 58 121 134 105 897 1993 1774 137
    1197 121 139 120 1278 2057 1679 84 738 1786 2343 819 10318</data></Vector>
</opencv_storage>
