<?xml version="1.0"?>
<opencv_storage>
<Vector type_id="opencv-matrix">
  <rows>256</rows>
  <cols>1</cols>
  <dt>i</dt>
  <data>
    431 34 271 190 13 5 185 227 116 12 30 16 85 3 374 443 31 1 14 8 3 0
    3 7 92 11 17 14 125 10 382 404 263 15 114 42 8 3 52 28 16 1 3 1 18 1
    35 24 181 9 39 23 9 0 20 9 252 15 45 24 257 12 298 220 27 1 10 8 3 0
    8 6 4 1 0 0 2 0 13 17 4 0 0 0 0 0 0 0 8 2 0 0 9 1 18 17 193 5 40 20
    16 2 35 17 22 4 2 3 10 0 18 18 230 1 36 17 10 0 20 18 260 13 18 14
    265 13 203 192 108 81 26 240 3 4 18 254 14 26 1 21 26 17 14 387 9 8
    1 10 3 0 0 10 18 25 1 16 24 32 17 377 33 22 4 41 0 2 1 13 2 3 0 0 1
    0 2 15 26 23 1 15 1 0 0 17 20 17 0 13 11 15 12 99 90 135 15 257 7 7
    12 277 16 19 2 12 19 30 14 307 10 10 0 16 2 2 0 15 22 31 0 17 24 55
    20 421 296 324 49 315 8 25 21 202 23 15 0 10 10 19 16 121 502 391 20
    201 15 21 16 185 370 333 8 91 297 396 111 1457</data></Vector>
</opencv_storage>
