<?xml version="1.0"?>
<opencv_storage>
<Vector type_id="opencv-matrix">
  <rows>256</rows>
  <cols>1</cols>
  <dt>i</dt>
  <data>
    88 5 73 53 12 1 54 47 17 5 9 1 25 3 97 85 7 1 1 6 1 0 5 3 25 3 7 4
    39 1 103 101 58 2 14 9 5 0 8 6 6 0 1 0 6 1 12 2 45 7 6 8 2 0 7 4 61
    4 10 7 72 4 91 44 9 1 3 1 0 1 2 3 1 1 1 0 2 0 6 7 1 0 0 0 0 0 0 0 1
    1 0 0 2 0 6 5 46 2 10 6 3 0 7 2 3 0 2 0 5 2 6 4 50 3 6 5 2 1 2 1 49
    3 3 7 49 5 50 42 26 26 8 76 1 1 4 57 1 4 1 7 1 5 5 71 3 5 0 6 0 0 1
    4 1 6 0 3 4 7 4 84 10 8 0 13 1 1 0 6 0 0 0 0 0 0 0 4 1 4 1 5 0 0 0 4
    4 3 0 2 7 3 2 38 22 48 4 65 2 4 6 71 2 7 0 9 1 6 4 75 2 3 1 2 0 2 1
    5 3 7 2 2 4 11 9 114 100 119 7 107 8 11 4 56 5 3 0 2 4 7 2 38 100
    137 4 49 1 4 5 40 75 69 0 29 68 89 26 331</data></Vector>
</opencv_storage>
