<?xml version="1.0"?>
<opencv_storage>
<Vector type_id="opencv-matrix">
  <rows>256</rows>
  <cols>1</cols>
  <dt>i</dt>
  <data>
    68 8 55 41 2 0 44 46 20 2 9 4 24 1 74 74 5 0 1 3 0 0 2 0 17 0 0 1 34
    1 73 73 51 5 10 7 3 0 6 8 6 0 0 0 5 0 8 5 41 2 7 10 1 0 5 2 76 2 12
    4 88 2 72 49 6 0 2 1 1 0 1 2 0 0 0 2 2 0 1 0 0 0 0 0 0 0 0 0 1 0 0 0
    4 0 3 1 35 2 7 1 3 0 4 7 5 0 3 0 4 0 5 1 51 2 9 3 2 0 6 2 107 4 8 2
    90 4 58 32 20 23 5 96 0 0 7 70 2 5 0 3 1 5 3 78 0 4 0 3 1 0 1 1 2 8
    0 2 3 6 3 89 6 6 2 9 0 0 1 10 1 0 0 0 0 0 0 3 1 1 1 5 1 0 0 3 1 1 0
    3 4 3 1 25 19 34 10 112 3 2 4 101 1 3 0 7 3 4 2 82 0 6 0 4 0 0 0 2 4
    3 1 0 8 12 2 73 63 61 11 81 5 4 2 52 7 1 1 4 4 2 4 27 71 62 2 47 2 0
    3 35 89 80 0 19 76 83 24 270</data></Vector>
</opencv_storage>
