<?xml version="1.0"?>
<opencv_storage>
<Vector type_id="opencv-matrix">
  <rows>256</rows>
  <cols>1</cols>
  <dt>i</dt>
  <data>
    376 58 161 131 32 6 77 80 75 11 21 19 33 7 87 102 33 4 12 15 4 0 6
    15 60 3 15 16 44 7 84 83 146 21 43 18 15 0 31 17 14 1 4 2 14 3 16 12
    85 14 19 15 7 2 11 10 84 9 13 9 45 16 50 68 39 6 10 11 1 0 12 8 9 2
    2 1 10 2 7 13 5 2 0 1 2 0 4 1 6 3 3 2 5 6 12 27 86 13 26 15 10 2 14
    11 17 1 2 0 11 1 8 16 80 9 19 11 5 2 7 14 152 12 9 10 81 17 73 84 77
    79 22 130 3 9 10 138 11 16 1 10 15 18 9 122 8 3 2 11 3 1 1 15 11 11
    1 14 7 14 8 114 23 23 5 23 1 2 3 18 1 3 0 2 3 2 1 14 10 11 1 13 1 1
    3 11 14 6 1 4 8 15 10 64 72 84 15 151 6 9 15 170 15 15 2 13 9 19 10
    168 11 8 3 12 2 1 1 17 17 23 5 27 23 32 22 214 109 126 15 132 18 23
    13 107 12 15 1 9 7 22 8 74 107 132 16 101 13 21 13 102 118 133 11 70
    91 194 61 755</data></Vector>
</opencv_storage>
