<?xml version="1.0"?>
<opencv_storage>
<Vector type_id="opencv-matrix">
  <rows>256</rows>
  <cols>1</cols>
  <dt>i</dt>
  <data>
    174 19 70 71 13 2 41 70 50 3 9 9 24 1 52 94 18 0 7 10 2 0 2 5 32 2 9
    3 24 4 35 52 57 4 19 12 7 1 6 12 15 2 3 0 6 0 7 3 61 8 7 9 4 0 5 8
    77 8 10 12 44 5 41 30 25 2 6 6 1 0 3 8 4 1 1 1 7 0 8 13 2 0 1 0 0 0
    1 3 4 0 2 0 1 2 2 6 70 7 10 6 3 0 8 10 12 1 1 0 6 1 6 7 53 6 12 4 6
    2 3 7 99 7 3 2 93 13 54 56 47 55 16 100 7 5 4 167 13 10 1 8 3 9 4 98
    8 7 0 6 0 1 0 7 11 6 2 4 11 7 5 68 19 10 1 10 0 1 2 6 1 0 0 1 2 3 0
    4 8 13 3 13 1 0 0 7 7 9 0 8 6 0 3 36 35 63 13 79 6 8 10 101 6 12 0 7
    4 10 5 107 4 3 2 7 0 1 3 5 6 12 1 12 11 9 4 111 103 96 11 84 4 11 8
    87 5 6 1 4 9 7 9 44 70 89 9 60 7 6 8 67 73 88 3 51 80 102 29 418</data></Vector>
</opencv_storage>
