<?xml version="1.0"?>
<opencv_storage>
<Vector type_id="opencv-matrix">
  <rows>256</rows>
  <cols>1</cols>
  <dt>i</dt>
  <data>
    2314 178 1341 835 199 21 968 1250 719 61 171 106 612 37 1970 2194
    238 23 90 61 32 1 62 55 749 55 161 113 1050 66 2547 2257 1411 81 405
    220 84 10 215 169 169 4 27 9 174 9 240 133 1077 61 242 156 68 10 140
    108 2141 106 227 151 2368 128 2713 1560 223 24 79 40 15 0 57 43 67 7
    8 7 48 3 86 107 18 2 14 7 4 0 8 4 50 5 8 4 78 9 141 116 995 51 223
    97 62 5 135 84 118 5 18 6 105 9 149 98 1360 46 173 115 55 6 120 73
    2426 110 171 102 2387 115 1637 1261 591 490 142 1478 54 37 104 1755
    121 111 14 119 120 89 118 2188 56 64 10 109 9 3 10 85 117 113 7 132
    165 135 121 1924 179 124 34 188 13 8 14 146 16 7 1 9 8 10 3 89 142
    110 11 123 5 10 18 93 149 146 11 97 125 125 88 850 564 705 135 1540
    42 63 100 1574 111 121 10 82 108 123 124 1642 42 73 14 110 2 8 7 100
    107 139 17 137 148 194 145 2157 1871 1836 227 1797 103 114 145 1226
    117 105 9 80 127 110 97 702 2177 2017 129 1431 107 123 109 1066 2507
    1931 97 802 2172 2351 924 9139</data></Vector>
</opencv_storage>
