<?xml version="1.0"?>
<opencv_storage>
<Vector type_id="opencv-matrix">
  <rows>256</rows>
  <cols>1</cols>
  <dt>i</dt>
  <data>
    56 4 43 16 10 1 26 30 15 2 3 1 17 3 39 41 5 0 2 1 0 0 0 3 16 1 2 4
    20 2 37 35 30 0 4 7 2 0 5 5 2 1 1 0 4 2 3 2 19 0 5 0 1 0 2 1 24 1 3
    1 25 2 33 24 4 0 0 1 0 0 1 2 2 1 0 0 1 0 3 5 1 0 0 0 0 0 1 0 1 0 1 0
    1 0 6 1 22 0 5 4 2 0 5 0 2 0 0 0 2 0 1 0 15 2 5 1 0 0 2 2 22 1 2 1
    17 1 20 15 5 7 1 23 1 2 3 38 0 0 1 2 1 4 4 41 0 0 1 2 2 0 0 4 3 4 0
    2 0 3 2 47 4 3 0 5 0 0 0 3 0 0 0 1 1 0 0 0 3 4 0 2 0 0 0 3 3 2 0 0 3
    1 1 15 10 20 1 19 0 3 2 33 1 1 1 0 2 1 3 27 1 2 0 4 0 0 0 2 5 6 1 1
    5 3 5 48 23 28 3 21 1 3 1 20 3 2 0 1 3 3 0 11 22 25 1 16 2 1 3 21 12
    22 1 7 30 39 16 125</data></Vector>
</opencv_storage>
