<?xml version="1.0"?>
<opencv_storage>
<Vector type_id="opencv-matrix">
  <rows>256</rows>
  <cols>1</cols>
  <dt>i</dt>
  <data>
    803 121 327 205 67 20 124 176 120 23 44 31 76 27 145 171 63 12 24 26
    13 3 13 19 80 11 32 25 74 13 115 177 275 43 57 57 27 6 49 30 31 13 2
    5 23 6 25 28 120 19 26 23 17 6 16 19 123 25 25 39 114 25 98 146 93
    22 41 20 9 5 13 21 18 6 3 5 24 1 25 33 20 2 6 6 4 0 5 3 14 5 7 3 15
    3 26 36 139 26 41 33 19 5 26 32 17 3 4 5 17 3 24 23 115 21 31 24 18
    3 16 23 153 27 32 20 137 24 129 187 178 174 59 270 20 17 25 411 28
    34 6 25 22 42 32 224 15 18 5 35 5 5 4 28 23 23 4 29 18 28 15 170 44
    57 13 65 7 14 6 38 2 9 3 3 3 7 6 27 20 33 8 42 1 6 3 23 19 20 3 16
    15 34 21 121 129 185 44 307 19 35 22 317 23 29 7 36 24 57 28 316 22
    25 8 33 2 6 4 54 17 38 4 35 27 57 36 371 209 294 38 277 33 46 34 305
    26 20 1 25 33 56 21 209 168 223 30 216 20 43 23 286 159 231 32 188
    159 346 121 1589</data></Vector>
</opencv_storage>
