<?xml version="1.0"?>
<opencv_storage>
<Vector type_id="opencv-matrix">
  <rows>256</rows>
  <cols>1</cols>
  <dt>i</dt>
  <data>
    1596 220 621 462 148 39 331 455 336 46 98 71 208 37 447 629 152 24
    47 56 34 5 33 43 251 36 56 60 200 48 340 496 566 76 127 86 57 6 71
    75 61 13 16 10 51 17 64 58 302 36 69 57 43 6 49 64 338 45 59 45 261
    63 306 330 157 28 71 44 28 8 51 48 38 15 6 18 36 5 60 70 28 6 11 12
    3 0 8 7 39 3 14 10 29 11 67 79 330 41 101 74 30 9 59 56 58 8 11 14
    48 2 61 68 335 41 61 57 25 7 41 56 410 52 60 66 393 68 340 467 387
    376 90 633 54 60 65 867 57 57 11 63 48 70 49 736 35 44 6 48 10 9 11
    75 48 54 8 63 44 62 51 512 92 93 30 82 11 9 9 66 10 15 5 12 20 16 12
    66 63 46 14 61 7 14 8 68 36 61 4 35 54 69 38 328 260 302 81 584 30
    45 52 716 55 60 14 67 58 74 57 695 44 41 11 68 7 10 6 79 51 72 15 71
    55 91 85 832 474 569 77 518 49 78 46 546 54 58 10 47 61 90 40 428
    446 512 52 441 56 80 50 553 465 527 52 319 407 718 297 3282</data></Vector>
</opencv_storage>
