<?xml version="1.0"?>
<opencv_storage>
<Vector type_id="opencv-matrix">
  <rows>256</rows>
  <cols>1</cols>
  <dt>i</dt>
  <data>
    868 96 376 227 73 17 254 169 164 20 49 41 146 20 288 259 68 8 27 23
    7 1 21 22 142 22 38 30 171 33 332 313 370 20 103 64 26 3 42 34 48 5
    7 7 36 2 52 25 205 22 65 44 11 2 34 25 263 26 31 26 241 35 287 201
    97 16 19 15 13 4 18 21 26 6 6 4 13 6 26 34 10 2 3 1 2 1 3 3 18 2 7 1
    27 4 31 35 234 30 70 37 17 1 39 22 29 6 7 7 22 3 34 29 210 24 33 27
    17 2 28 19 199 35 29 26 246 29 195 236 174 161 50 286 12 19 33 220
    30 23 4 26 19 26 24 224 21 25 5 27 5 6 1 28 20 32 3 25 27 48 26 289
    58 47 9 37 3 10 5 34 5 2 2 3 2 8 1 18 38 24 8 30 4 4 0 29 20 25 4 13
    19 40 16 157 143 228 30 327 26 30 23 297 27 28 3 30 31 40 33 288 20
    30 3 49 8 8 6 42 29 51 6 39 43 81 35 474 323 409 37 326 33 31 40 235
    30 31 6 27 38 38 20 183 257 293 29 258 40 51 32 247 246 293 26 157
    264 485 148 1754</data></Vector>
</opencv_storage>
