<?xml version="1.0"?>
<opencv_storage>
<Vector type_id="opencv-matrix">
  <rows>256</rows>
  <cols>1</cols>
  <dt>i</dt>
  <data>
    3416 212 1454 603 356 38 863 620 788 74 196 95 670 67 1061 853 328
    29 168 76 75 8 110 58 644 75 176 119 984 105 1527 1145 1459 101 421
    174 154 12 247 126 193 11 37 14 198 19 196 111 854 72 255 155 108 10
    173 119 1244 125 218 131 1477 193 1491 1064 255 28 98 52 35 8 79 52
    65 13 18 13 77 17 124 75 43 4 28 18 17 3 19 15 70 12 21 21 112 29
    202 144 668 65 185 79 68 12 113 96 97 12 20 24 129 15 102 78 652 45
    156 87 77 20 127 112 904 88 111 83 1196 184 1068 1094 578 392 135
    656 81 59 129 632 128 87 16 73 122 94 98 823 98 60 18 104 19 18 16
    104 129 124 15 119 166 178 162 1142 143 120 39 140 21 25 19 93 23 17
    8 11 20 31 7 72 111 99 16 111 27 13 30 103 111 110 20 65 138 171 149
    733 413 453 134 565 74 66 98 689 81 100 14 76 127 141 131 842 67 78
    18 117 11 22 21 112 111 133 25 138 220 301 179 1804 827 721 122 711
    108 100 103 583 77 78 15 59 101 136 74 477 785 762 116 646 115 158
    112 814 836 982 84 495 1184 1966 741 7091</data></Vector>
</opencv_storage>
