<?xml version="1.0"?>
<opencv_storage>
<Vector type_id="opencv-matrix">
  <rows>256</rows>
  <cols>1</cols>
  <dt>i</dt>
  <data>
    1008 86 674 507 75 4 444 586 207 16 74 43 167 10 766 938 62 5 28 19
    8 1 15 27 217 25 44 39 288 24 679 762 663 42 262 141 27 2 118 87 60
    1 9 8 48 4 100 53 433 17 98 80 11 5 41 49 711 29 90 48 518 43 650
    467 69 12 26 19 8 0 24 29 23 0 3 2 25 1 32 32 5 0 2 1 2 0 1 2 19 4 0
    1 31 3 35 52 530 20 126 59 26 3 73 41 46 5 6 1 36 0 53 42 643 14 79
    50 20 1 49 46 1016 39 54 31 713 50 467 389 251 265 70 874 27 14 38
    1096 44 40 2 53 48 47 41 1031 14 21 5 32 1 2 1 36 29 54 5 45 47 56
    27 813 77 63 16 121 0 2 6 48 4 3 2 3 2 3 4 39 41 43 2 48 1 1 4 24 51
    41 3 33 20 38 21 252 261 396 50 936 18 21 41 894 51 68 3 44 55 70 47
    900 12 39 1 45 2 2 4 51 45 76 3 44 69 103 39 1136 940 1067 99 1129
    38 46 56 645 66 42 2 39 30 49 27 317 921 1002 51 641 23 45 36 468
    1054 908 23 293 778 1114 253 3943</data></Vector>
</opencv_storage>
