<?xml version="1.0"?>
<opencv_storage>
<Vector type_id="opencv-matrix">
  <rows>256</rows>
  <cols>1</cols>
  <dt>i</dt>
  <data>
    402 29 259 185 36 4 199 263 115 8 26 11 134 9 334 405 36 2 14 6 4 0
    6 8 105 10 20 19 177 10 313 366 243 10 87 38 19 0 50 37 30 3 6 2 33
    2 38 24 196 11 40 26 6 0 29 9 436 22 34 21 491 16 425 273 30 3 20 5
    2 0 14 10 13 1 1 1 13 0 18 9 1 0 2 0 0 0 0 0 6 2 3 1 14 0 12 27 149
    6 38 16 11 1 29 9 33 1 1 3 14 0 21 18 216 7 29 16 8 3 14 9 457 22 27
    18 524 13 256 239 95 78 31 368 14 7 24 493 22 24 2 20 23 10 25 497
    10 7 0 19 0 2 0 24 13 19 1 18 24 31 17 386 30 18 5 40 1 2 3 22 1 0 0
    4 0 6 0 8 20 19 2 22 0 1 3 16 19 27 2 21 9 27 15 148 87 136 14 324
    12 12 21 458 15 15 2 21 21 27 21 373 4 7 0 17 1 0 1 22 12 17 3 19 24
    33 27 406 247 207 30 301 14 13 24 207 12 11 0 10 20 23 16 113 363
    263 13 212 15 17 19 173 397 298 8 102 359 343 147 1483</data></Vector>
</opencv_storage>
