<?xml version="1.0"?>
<opencv_storage>
<Vector type_id="opencv-matrix">
  <rows>256</rows>
  <cols>1</cols>
  <dt>i</dt>
  <data>
    1071 107 492 289 67 18 294 232 278 32 61 43 191 19 457 428 91 10 44
    33 11 2 24 22 212 30 53 56 216 22 410 457 571 36 170 86 33 7 72 69
    76 4 15 8 47 7 67 48 311 30 86 57 18 3 32 33 463 52 80 72 438 43 547
    418 97 12 53 27 10 2 23 14 35 5 3 2 18 3 44 52 17 1 10 3 1 0 4 8 36
    0 5 5 25 5 42 49 427 34 105 51 33 5 59 43 58 6 14 8 43 7 61 45 446
    24 79 41 20 4 48 49 503 52 57 54 482 45 451 508 339 264 70 532 29 20
    42 440 54 41 6 43 38 32 48 498 35 29 3 43 4 3 4 39 43 57 6 55 53 54
    50 522 87 60 16 69 5 9 7 44 7 7 0 5 8 10 5 26 62 52 5 62 4 5 5 43 42
    61 5 37 45 76 38 285 319 414 67 642 23 31 39 493 62 69 6 62 47 66 48
    531 32 37 8 66 4 4 5 34 39 71 11 66 51 105 67 763 1154 1411 98 1001
    60 51 74 625 78 55 3 54 63 80 37 340 1182 1412 63 836 51 45 48 579
    825 949 45 459 610 913 354 3965</data></Vector>
</opencv_storage>
