<?xml version="1.0"?>
<opencv_storage>
<Vector type_id="opencv-matrix">
  <rows>256</rows>
  <cols>1</cols>
  <dt>i</dt>
  <data>
    183 13 116 63 19 1 61 53 43 3 13 4 29 7 94 76 17 3 4 4 1 2 1 4 34 4
    7 6 50 6 92 71 93 6 31 11 6 1 14 12 12 1 3 2 7 0 10 3 66 10 14 7 6 1
    12 10 112 10 10 5 160 5 97 72 26 1 11 8 0 0 5 4 7 0 1 1 8 1 5 6 2 0
    2 2 0 0 2 0 6 2 1 0 8 0 15 4 64 3 14 5 8 1 6 11 4 0 2 0 3 1 11 7 79
    3 14 9 2 0 7 5 106 6 6 5 128 10 55 60 30 36 9 87 3 5 4 76 6 7 0 6 8
    9 5 83 2 1 1 6 1 0 0 7 5 5 1 10 13 10 3 89 13 7 1 8 0 2 2 9 0 1 0 0
    1 1 0 12 10 6 2 7 0 1 1 2 9 10 1 2 5 14 2 41 38 41 11 117 7 8 10 75
    5 9 0 5 8 13 4 82 2 7 2 9 0 0 2 19 4 8 0 12 10 21 13 133 78 71 12 89
    8 9 6 66 6 6 0 6 5 16 8 48 96 62 11 70 12 10 5 70 93 81 5 46 89 132
    45 461</data></Vector>
</opencv_storage>
