<?xml version="1.0"?>
<opencv_storage>
<Vector type_id="opencv-matrix">
  <rows>256</rows>
  <cols>1</cols>
  <dt>i</dt>
  <data>
    2572 308 903 562 246 56 429 471 488 68 123 96 307 54 413 459 276 27
    91 65 47 5 34 53 354 49 106 65 257 54 337 412 893 105 213 121 91 19
    136 118 135 16 28 19 103 31 94 87 541 60 120 104 55 12 76 103 601 72
    104 83 432 104 388 431 263 42 113 73 37 9 62 63 77 16 20 15 55 10 81
    82 66 11 17 22 8 7 15 16 80 14 20 15 74 10 115 108 491 52 120 93 64
    15 86 104 101 18 21 25 83 19 80 87 543 65 120 107 64 19 84 91 705
    104 112 114 672 117 494 717 560 387 136 755 67 69 90 713 103 84 23
    89 64 111 70 628 60 60 12 98 11 16 13 95 83 82 20 104 89 79 71 578
    136 122 25 135 17 20 20 124 23 17 8 20 13 32 17 91 102 78 13 76 14
    11 14 88 83 81 14 62 80 125 63 455 390 392 113 630 66 73 96 804 93
    96 22 87 98 138 91 761 69 60 27 114 16 19 13 124 98 122 35 123 82
    165 124 1196 586 503 99 571 79 125 80 674 81 83 15 67 95 136 57 542
    541 593 102 554 99 117 97 780 689 752 87 523 726 1213 463 5181</data></Vector>
</opencv_storage>
