<?xml version="1.0"?>
<opencv_storage>
<Vector type_id="opencv-matrix">
  <rows>256</rows>
  <cols>1</cols>
  <dt>i</dt>
  <data>
    179 13 129 95 14 0 61 88 55 4 15 5 27 3 93 109 11 1 5 4 1 0 4 5 27 5
    7 9 32 6 81 115 111 6 36 19 7 0 17 12 12 0 1 2 9 0 13 11 70 5 17 22
    2 0 10 8 125 9 10 6 78 5 84 64 23 1 3 3 1 1 2 5 7 1 1 0 3 0 6 5 0 0
    0 0 0 0 0 1 3 0 0 0 8 0 4 3 91 2 22 9 0 0 16 7 8 0 3 0 9 0 8 10 97 3
    6 9 2 0 5 7 221 7 6 6 136 5 77 77 44 26 15 115 3 1 11 222 13 8 0 6 7
    13 12 165 4 7 0 2 0 0 0 7 11 8 0 7 13 10 3 147 14 9 5 15 0 0 4 14 3
    0 0 0 0 0 0 2 12 6 1 11 0 1 0 2 8 12 0 2 4 4 5 55 37 56 11 92 6 5 8
    137 8 9 0 4 12 14 6 181 0 5 0 6 1 1 1 9 5 14 0 7 9 16 7 179 118 99
    15 98 8 2 11 94 10 3 1 4 5 13 6 53 124 143 13 76 6 11 7 71 153 161 4
    55 152 166 46 678</data></Vector>
</opencv_storage>
