<?xml version="1.0"?>
<opencv_storage>
<Vector type_id="opencv-matrix">
  <rows>256</rows>
  <cols>1</cols>
  <dt>i</dt>
  <data>
    286 21 207 123 19 1 134 176 90 8 20 12 78 2 332 293 16 3 8 6 0 1 3 7
    65 4 17 22 131 21 330 329 209 6 71 33 4 1 42 30 23 1 4 1 15 1 42 23
    188 5 39 29 6 0 25 15 342 15 44 20 339 20 424 266 18 0 6 1 0 0 11 4
    2 0 0 1 4 0 13 11 1 0 2 1 0 0 1 2 6 1 2 1 7 1 10 13 127 3 28 10 8 0
    22 11 17 1 2 2 17 0 15 12 238 4 28 16 6 0 30 13 415 13 28 8 369 16
    258 155 67 40 25 202 10 6 20 217 28 11 3 9 16 6 15 331 6 10 1 16 1 1
    0 6 14 10 1 16 27 15 14 313 19 20 1 32 0 2 3 22 1 0 0 0 3 2 2 17 16
    25 1 12 0 0 2 15 22 16 1 17 16 16 12 142 72 57 14 159 9 5 8 193 19
    14 2 9 17 18 19 237 8 8 2 15 0 3 0 9 12 16 3 17 11 23 22 355 241 147
    24 218 6 9 23 153 15 15 1 6 18 10 8 114 371 257 24 166 19 12 14 119
    479 266 19 119 373 374 149 1524</data></Vector>
</opencv_storage>
