<?xml version="1.0"?>
<opencv_storage>
<Vector type_id="opencv-matrix">
  <rows>256</rows>
  <cols>1</cols>
  <dt>i</dt>
  <data>
    665 46 361 251 43 2 230 354 174 11 37 26 152 8 399 430 49 3 21 16 6
    0 8 12 170 20 22 33 220 12 347 361 420 20 98 60 13 1 58 39 47 1 10 2
    33 1 47 28 333 16 76 52 10 1 40 28 586 21 69 31 520 23 450 307 43 4
    16 8 3 0 20 12 14 3 3 2 15 0 30 28 2 0 4 0 0 0 3 0 8 1 3 2 16 3 28
    30 300 9 60 29 12 1 35 33 41 0 6 0 23 0 20 20 425 12 53 25 14 1 26
    31 776 23 38 27 614 40 351 292 181 129 46 405 3 12 29 545 22 22 0 31
    33 27 34 541 11 11 4 26 1 0 2 33 27 33 1 28 33 29 19 412 46 26 7 34
    0 1 3 34 1 0 0 1 0 0 4 17 41 23 1 31 5 0 2 28 27 33 1 20 31 29 15
    169 164 186 35 399 14 20 19 472 36 27 1 18 33 35 27 426 9 16 1 28 3
    1 1 30 26 43 4 26 56 72 26 554 476 331 49 372 18 24 38 283 26 21 4
    12 23 29 22 182 608 497 35 331 30 41 32 269 763 494 16 181 590 658
    196 2121</data></Vector>
</opencv_storage>
