<?xml version="1.0"?>
<opencv_storage>
<Vector type_id="opencv-matrix">
  <rows>256</rows>
  <cols>1</cols>
  <dt>i</dt>
  <data>
    250 14 177 135 13 3 132 189 70 4 25 8 58 5 287 305 18 1 10 3 2 0 4 6
    55 7 22 14 106 3 342 348 168 3 47 21 7 0 32 24 16 0 3 0 18 2 26 16
    121 4 32 11 3 0 10 9 180 11 14 10 234 7 291 159 21 0 6 3 0 0 7 3 4 0
    0 0 3 0 13 10 1 0 0 0 0 0 1 0 3 0 1 0 7 0 12 16 116 3 29 11 4 0 12
    12 13 0 1 1 7 1 15 7 143 7 22 11 3 0 13 9 193 9 8 5 192 13 126 129
    62 73 25 234 9 3 10 252 13 10 1 9 13 11 7 290 4 4 0 6 0 0 1 10 15 15
    1 10 18 9 11 293 14 20 6 33 0 0 1 9 0 1 0 4 1 0 1 12 15 8 2 11 1 0 1
    4 10 13 0 5 14 10 6 87 59 123 9 242 2 5 17 235 8 21 0 10 18 11 10
    272 3 6 0 7 0 1 1 4 9 13 1 8 27 24 14 278 260 298 20 292 13 12 9 154
    15 14 0 10 13 9 3 63 256 274 16 150 6 16 13 111 221 263 7 68 196 270
    71 918</data></Vector>
</opencv_storage>
