<?xml version="1.0"?>
<opencv_storage>
<Vector type_id="opencv-matrix">
  <rows>256</rows>
  <cols>1</cols>
  <dt>i</dt>
  <data>
    974 60 695 389 86 9 518 542 236 23 52 48 238 19 711 703 68 5 39 20 4
    6 21 20 200 18 56 36 342 27 606 751 682 33 246 111 45 3 119 85 94 5
    14 4 70 4 110 55 432 24 124 54 17 2 58 41 887 40 100 63 947 45 966
    623 64 10 28 14 10 0 29 25 16 0 2 1 16 1 47 31 2 3 1 2 0 0 3 1 14 1
    1 0 22 5 36 38 407 11 97 45 24 0 70 45 50 6 0 6 45 0 82 30 523 13 81
    39 17 3 34 41 977 33 55 42 985 62 556 468 215 168 76 732 21 16 51
    877 46 39 6 49 38 43 42 917 18 12 3 51 0 2 2 48 41 43 3 40 53 64 49
    882 51 45 11 103 3 4 13 41 2 2 0 2 5 1 0 34 47 24 5 70 5 1 2 44 50
    50 5 36 42 50 34 411 193 201 63 667 30 24 37 776 33 41 0 32 58 58 43
    853 14 19 3 42 0 3 2 46 47 52 4 56 64 102 53 1137 504 376 104 624 42
    30 55 520 42 36 4 21 37 45 37 264 636 487 51 469 24 37 35 373 941
    710 21 304 966 1062 316 4124</data></Vector>
</opencv_storage>
