<?xml version="1.0"?>
<opencv_storage>
<Vector type_id="opencv-matrix">
  <rows>256</rows>
  <cols>1</cols>
  <dt>i</dt>
  <data>
    3618 372 1331 631 289 54 580 431 888 100 198 149 452 70 684 611 309
    44 179 96 39 10 48 56 452 103 164 151 307 67 479 587 1369 175 404
    238 162 29 188 144 226 41 44 36 145 37 126 130 512 102 189 172 58 22
    108 124 698 149 148 177 515 160 570 828 383 46 167 68 50 9 123 64
    123 33 21 37 85 20 158 138 66 12 38 22 12 1 25 21 73 13 33 34 65 22
    152 166 706 85 214 152 107 20 150 131 159 34 28 34 173 35 167 180
    541 75 158 142 61 21 145 195 663 140 116 190 679 153 809 1400 973
    553 216 907 135 66 138 677 238 153 33 135 132 127 110 745 115 95 36
    168 21 17 17 121 143 143 29 214 123 150 88 920 229 204 35 171 32 39
    30 145 39 32 9 18 26 70 17 124 171 154 28 175 23 24 38 157 118 172
    18 134 108 214 84 750 644 523 232 1039 100 107 150 974 158 159 24
    132 157 164 163 1126 76 100 38 201 14 19 31 166 136 169 38 229 162
    254 188 1869 1015 976 179 1132 163 186 207 1106 136 142 24 116 170
    233 146 857 934 1007 121 1227 122 199 173 1596 932 1208 110 952 959
    1996 749 10073</data></Vector>
</opencv_storage>
