<?xml version="1.0"?>
<opencv_storage>
<Vector type_id="opencv-matrix">
  <rows>256</rows>
  <cols>1</cols>
  <dt>i</dt>
  <data>
    66 4 45 33 5 2 29 53 16 1 2 4 10 1 52 58 6 0 1 3 0 0 1 2 11 1 3 4 19
    1 51 53 37 0 6 8 3 0 7 6 3 0 0 0 1 0 6 3 32 0 6 8 0 0 2 1 41 4 4 3
    37 2 40 30 7 0 1 1 0 0 0 1 2 1 0 0 1 0 2 3 0 0 0 0 0 0 0 0 1 0 0 0 1
    0 1 4 30 0 4 2 0 0 2 4 2 0 1 0 4 0 4 3 33 2 4 3 1 0 4 3 32 2 2 3 44
    0 32 20 17 15 5 71 2 1 4 102 3 3 0 3 2 4 0 105 1 2 0 2 0 0 0 3 0 2 0
    3 4 2 3 55 4 3 0 7 0 0 0 3 0 0 0 1 0 0 0 2 3 2 0 1 0 0 0 2 5 6 1 3 2
    3 4 17 23 21 5 26 1 1 1 58 0 4 0 3 3 10 2 72 0 0 0 2 0 0 0 1 6 5 2 2
    3 5 3 55 45 24 2 40 5 2 3 36 7 4 0 2 3 2 5 22 37 41 3 24 2 4 1 27 43
    56 3 17 38 63 15 228</data></Vector>
</opencv_storage>
