<?xml version="1.0"?>
<opencv_storage>
<Vector type_id="opencv-matrix">
  <rows>256</rows>
  <cols>1</cols>
  <dt>i</dt>
  <data>
    4206 456 1611 1087 415 85 907 1093 881 116 249 183 657 96 1213 1432
    443 53 141 92 59 6 97 110 692 81 215 167 644 115 1176 1324 1592 158
    334 238 174 35 225 196 205 22 52 25 195 23 176 158 1049 112 229 179
    83 14 151 141 1347 140 198 155 1048 163 1012 1038 455 68 148 94 55
    18 128 92 109 15 24 20 115 15 141 175 87 10 28 21 7 3 14 18 85 24 28
    14 115 23 170 215 994 86 217 144 103 23 152 149 157 19 25 37 149 22
    143 137 1033 88 205 119 91 17 125 153 1431 163 176 154 1410 180 1118
    1283 907 825 246 1609 104 98 175 1906 165 160 16 131 144 142 142
    1478 115 102 16 160 12 19 17 137 144 155 16 156 149 183 149 1372 220
    214 60 204 20 32 36 180 28 26 4 16 26 38 19 130 165 180 24 161 18 28
    21 148 151 165 22 102 131 175 99 736 764 790 198 1351 100 121 160
    1772 159 146 30 164 161 200 156 1623 89 100 36 161 20 24 18 205 141
    202 31 182 170 253 194 2131 1388 1424 195 1294 145 186 137 1203 124
    118 22 126 178 205 99 881 1520 1507 167 1227 153 234 151 1363 1407
    1470 143 852 1475 2161 853 8741</data></Vector>
</opencv_storage>
