<?xml version="1.0"?>
<opencv_storage>
<Vector type_id="opencv-matrix">
  <rows>256</rows>
  <cols>1</cols>
  <dt>i</dt>
  <data>
    2985 319 1150 852 244 60 622 903 641 80 161 138 402 59 751 1056 236
    37 93 80 30 10 53 60 411 63 102 92 332 65 523 767 1104 123 298 201
    82 26 128 143 153 15 29 25 89 16 101 100 676 83 149 134 35 13 70 101
    754 78 127 107 486 100 502 627 307 39 118 78 30 11 64 73 81 15 21 9
    73 11 107 125 53 9 18 17 7 2 6 13 78 14 17 19 67 26 108 140 761 72
    179 104 72 16 125 124 117 19 15 19 97 13 114 124 734 68 123 135 55
    15 108 114 917 88 105 97 729 133 632 921 770 625 176 1195 83 84 124
    1381 157 135 25 136 109 120 87 1233 83 71 20 116 12 14 9 101 93 134
    14 106 87 112 84 957 186 165 31 160 14 25 24 135 22 13 3 21 17 22 19
    97 109 116 17 110 4 18 15 106 80 109 9 81 80 114 62 498 594 578 131
    940 76 95 111 1182 121 131 17 106 123 154 112 1244 77 88 21 130 18
    20 7 142 103 145 20 150 120 205 110 1555 1136 1026 137 995 111 131
    126 962 120 104 13 90 106 147 79 713 1118 1270 123 962 106 167 118
    1132 1086 1078 96 648 930 1557 520 6491</data></Vector>
</opencv_storage>
