<?xml version="1.0"?>
<opencv_storage>
<Vector type_id="opencv-matrix">
  <rows>256</rows>
  <cols>1</cols>
  <dt>i</dt>
  <data>
    59 5 49 38 3 0 33 34 22 2 5 3 7 2 66 89 4 0 2 3 1 0 0 1 11 3 2 5 9 1
    65 98 42 2 18 11 5 1 8 7 5 0 3 0 6 1 9 4 28 0 6 6 0 0 2 2 27 2 9 4
    33 3 46 28 3 0 2 0 0 0 0 3 0 0 0 0 1 0 2 4 0 0 1 1 0 0 0 0 0 0 0 0 0
    0 1 7 36 1 7 5 1 0 6 3 1 0 0 0 3 0 4 3 37 1 5 2 4 0 5 5 29 0 4 0 36
    1 22 28 15 15 5 26 1 1 0 45 0 2 1 6 4 2 1 49 3 1 0 0 0 0 0 1 5 9 0 3
    4 5 2 80 7 5 0 10 0 0 0 5 1 0 0 0 0 1 0 1 6 2 0 3 0 0 1 2 5 6 0 2 6
    2 0 17 11 13 2 26 1 2 3 46 5 5 0 5 3 4 2 57 0 1 0 1 0 1 1 0 3 10 1 3
    3 8 5 93 48 39 8 33 2 2 5 38 4 1 0 2 3 3 4 24 54 77 4 32 1 3 0 27 55
    60 0 16 56 68 16 250</data></Vector>
</opencv_storage>
