<?xml version="1.0"?>
<opencv_storage>
<Vector type_id="opencv-matrix">
  <rows>256</rows>
  <cols>1</cols>
  <dt>i</dt>
  <data>
    423 27 193 149 42 4 151 250 120 14 33 31 120 7 277 332 29 4 15 8 3 0
    12 8 96 11 18 26 108 9 181 240 225 12 54 40 15 1 24 30 34 2 4 0 23 2
    24 29 192 12 32 17 6 1 24 15 312 21 23 25 233 28 256 203 48 1 5 11 2
    0 14 10 11 3 0 0 10 0 23 13 9 0 2 0 1 0 0 1 13 1 0 2 11 1 19 19 211
    3 30 27 8 2 24 15 26 2 4 0 23 1 26 17 309 2 41 25 14 1 17 16 518 18
    16 20 335 22 215 198 145 106 36 335 14 8 23 450 14 27 2 11 19 17 22
    440 13 3 1 25 0 0 3 22 21 28 1 20 16 24 9 287 20 19 1 34 2 1 0 25 4
    1 0 1 3 6 2 7 26 22 4 21 1 0 2 24 18 23 0 13 11 17 10 119 116 110 27
    180 12 15 22 355 22 14 1 20 16 26 26 291 8 10 1 12 0 4 0 28 19 29 4
    17 25 39 25 323 326 254 31 239 15 20 21 209 35 21 0 10 30 16 11 103
    512 337 26 247 21 27 19 222 590 390 18 169 358 366 116 1397</data></Vector>
</opencv_storage>
