<?xml version="1.0"?>
<opencv_storage>
<Vector type_id="opencv-matrix">
  <rows>256</rows>
  <cols>1</cols>
  <dt>i</dt>
  <data>
    7669 870 2515 1702 942 159 1635 1705 1716 181 335 251 1298 199 2005
    1966 951 107 281 197 137 37 194 169 1538 187 351 249 1575 254 2140
    1974 2579 259 547 347 304 50 350 317 471 47 75 49 364 71 324 238
    1920 192 371 260 205 48 240 241 2885 290 341 254 2795 354 2283 1864
    940 172 263 167 126 30 197 189 223 37 49 34 196 36 218 247 166 42 60
    53 31 12 37 52 210 39 53 25 269 61 309 367 1745 193 367 288 192 24
    261 230 339 46 53 39 296 43 224 269 2031 196 296 253 220 48 248 257
    3083 318 350 289 3055 423 2232 2221 1630 1421 404 2511 202 225 277
    2505 240 226 64 258 240 237 252 2144 203 160 56 262 31 42 48 312 231
    229 49 260 271 309 252 2189 401 372 66 335 50 46 52 313 46 43 15 43
    50 58 56 260 312 251 56 218 46 58 48 302 264 258 49 190 291 362 254
    1549 1371 1496 366 2417 191 260 319 2609 239 261 53 299 272 298 245
    2332 189 217 50 345 31 59 43 409 326 308 64 356 358 449 391 3154
    1947 2035 300 2150 279 323 257 1984 267 269 45 227 252 338 176 1537
    2393 2130 284 1904 278 349 264 2239 2617 2275 295 1549 2558 3353
    1618 14214</data></Vector>
</opencv_storage>
