<?xml version="1.0"?>
<opencv_storage>
<Vector type_id="opencv-matrix">
  <rows>256</rows>
  <cols>1</cols>
  <dt>i</dt>
  <data>
    386 23 172 102 28 6 115 98 90 6 17 19 68 8 171 246 28 5 16 11 1 0 4
    8 74 6 21 19 60 13 134 177 160 13 57 16 14 1 35 17 22 1 1 2 23 1 18
    11 108 13 29 20 9 0 19 15 146 16 22 14 134 21 121 99 38 6 22 4 1 1 8
    8 13 1 2 0 11 3 4 10 2 1 1 1 0 0 3 0 4 1 2 4 12 1 16 16 126 7 24 10
    10 0 18 5 10 2 0 2 10 0 11 13 124 11 16 11 11 2 8 9 147 14 18 19 140
    11 94 103 80 65 22 163 13 9 17 135 14 14 1 5 21 10 14 125 13 8 1 12
    1 1 1 12 5 10 1 13 16 17 5 165 4 18 1 16 0 1 3 15 1 3 0 0 1 1 0 9 10
    14 7 17 2 1 2 14 13 9 0 12 5 26 5 68 70 68 18 120 5 17 16 141 13 9 0
    9 13 12 7 137 8 14 3 15 0 1 1 22 9 14 2 15 18 34 18 265 176 123 20
    127 7 20 12 105 8 15 1 8 18 22 11 69 155 148 19 97 14 21 14 104 154
    180 11 66 147 269 71 793</data></Vector>
</opencv_storage>
