<?xml version="1.0"?>
<opencv_storage>
<Vector type_id="opencv-matrix">
  <rows>256</rows>
  <cols>1</cols>
  <dt>i</dt>
  <data>
    7585 848 2661 1626 788 170 1558 1622 1609 245 423 315 1179 215 2243
    2666 813 115 279 227 131 34 186 163 1316 176 339 273 1207 213 2233
    2379 2623 310 659 373 291 50 366 313 378 37 83 54 305 64 322 329
    1649 213 366 289 169 45 272 243 1775 215 312 223 1979 285 1966 1868
    809 143 315 181 92 36 189 163 219 44 53 43 137 43 268 272 180 34 60
    33 38 11 41 54 191 38 66 54 205 60 312 391 1676 188 362 254 186 32
    288 295 305 48 61 53 218 47 237 256 1677 201 314 264 182 45 213 263
    2071 257 284 279 1945 344 1870 2271 1702 1240 366 1874 192 197 271
    1993 310 246 53 256 220 275 262 2255 208 198 51 248 35 38 49 248 282
    273 50 260 247 341 243 2353 464 374 69 324 58 84 48 275 61 55 14 48
    46 87 41 245 300 285 49 270 61 40 52 267 241 261 40 206 250 351 211
    1488 1234 1173 305 1624 164 198 254 1897 238 256 53 265 250 297 238
    2282 234 207 68 318 38 47 42 354 292 331 89 343 302 478 359 3478
    2314 2210 299 1825 235 371 253 1911 276 287 44 245 260 399 188 1631
    2678 2500 302 1923 280 444 303 2257 2444 2407 297 1567 2295 3379
    1599 15358</data></Vector>
</opencv_storage>
